第533881记录(19:53:42/11/22/09	):data
{
{0.0000000000,0.0000000000,0.0000000000,0.5000000000,0.5000000000,0.5000000000,0.0000000000,0.0000000000,0.0000000000,0.0000000000,0.7500000000,0.7500000000,0.0000000000,1.0000000000,0.2500000000,0.0000000000,0.0000000000,0.0000000000,1.0000000000,0.0000000000,0.0000000000,0.5000000000,0.5000000000,0.0000000000,0.0000000000,0.0000000000,1.0000000000,0.5000000000,0.0000000000,0.7500000000,0.5000000000,0.0000000000,0.0000000000,0.0000000000,0.5000000000,1.0000000000,0.7500000000,1.0000000000,0.5000000000,0.0000000000,0.0000000000,0.0000000000,0.0000000000,0.0000000000,0.0000000000,1.0000000000,0.5000000000,0.0000000000,0.0000000000,0.0000000000,0.2500000000,0.5000000000,0.0000000000,1.0000000000,0.2500000000,0.0000000000,0.0000000000,0.0000000000,0.2500000000,1.0000000000,0.7500000000,0.7500000000,0.0000000000,0.0000000000,9.0000000000,}

}
第533882记录(19:53:42/11/22/09	):W1
{
{0.0621204264,3.4936389923,3.0880053043,2.1127407551,0.6690436602,-4.4679989815,0.0494018383,0.0807100162,0.0507560968,0.5717294812,-1.3001636267,-2.8884997368,0.1357838511,6.5220193863,0.9694105387,0.0121935857,0.0472502820,2.7780897617,0.8082616329,0.6163881421,4.9815740585,-7.1181836128,-4.2313857079,0.0595169105,0.0156254768,-1.4709511995,1.9206835032,-4.0488452911,3.2583816051,1.9559578896,-4.7548580170,0.0894860476,0.1141354069,1.4876691103,0.5291944146,-2.5992300510,0.5398299694,-5.8505358696,-4.3423032761,0.0545146577,0.0678083152,-1.4536417723,-1.2533981800,-2.5627088547,1.1013879776,1.3389041424,0.0129502146,-0.0572521426,0.0566614270,-0.1061283350,0.2756666541,5.6841883659,-5.0411558151,-0.1254496425,3.5076298714,-0.0363937616,0.1194875911,-0.1604546756,-1.2280062437,4.0034294128,0.9304835200,2.1332948208,2.4703264236,0.0866401941,}
{0.0603999458,0.1480410844,0.2204557806,0.2248867452,0.2320095152,1.3512248993,0.0319299921,0.0648632795,0.0929326788,0.1090108752,-0.2271863520,1.5948387384,0.8893073201,-1.3688926697,-0.4080530405,0.1592775285,0.0824648291,-0.9192004800,-0.0592565835,0.4190350771,0.7929465175,0.0355434902,-0.6831963658,0.1084345430,0.0245063640,-0.8137071133,-0.2484051287,1.8210595846,0.2499032617,-2.1080269814,-1.0479021072,0.1923886389,0.1014168188,-1.1286523342,-1.4824903011,0.2363986522,-0.6173895001,-1.9800792933,-0.8443037868,0.3696690202,0.0647106841,-1.2896862030,-2.8530235291,-1.0815734863,-0.1762146950,1.6311353445,-0.4812989235,0.3407555521,0.0705282763,-1.1740239859,-0.8927523494,0.2576379180,1.7877017260,1.5230132341,-1.2311445475,0.3555247188,0.0931997150,0.2289366424,1.0339896679,-0.1986891478,-0.9963364601,-1.5553503036,0.1536559910,0.2129922807,}
{0.0444463938,0.3045566082,0.0441513620,0.8775362372,0.6996621490,2.4080321789,0.1216963679,0.0756096095,0.0336581022,-0.5564237237,-1.0898340940,2.9420332909,0.2122963518,-1.3133382797,-1.7204040289,0.0976725072,0.0782952383,-0.6047321558,0.7287892103,-0.2802377045,-0.2839799225,-1.3500785828,-3.5423913002,0.0836606920,0.1228598878,-0.8613137007,-0.7939772010,3.3253512383,-0.6253499985,-2.0574109554,-3.5199556351,0.2157480121,0.1177175194,0.9846104980,0.7469834089,0.9208371639,-0.5154463053,-3.1649985313,-3.0433869362,0.3900827169,0.1221579611,0.3648737669,-0.0458848365,0.0863328874,-1.3523625135,1.5180633068,-0.0752127469,0.4259355068,0.0480094291,-2.1819531918,-4.1028780937,1.5974575281,2.9680714607,0.6321669221,-0.4916414618,0.4011505246,0.0439352095,-0.0952026993,-0.2629151642,-0.6038938761,1.5485219955,1.0189462900,1.4386831522,0.2299031913,}
{0.1177671105,0.4719461501,-0.0094297323,0.0526065417,-0.1956310719,-1.9865964651,0.0833918303,0.0849635303,0.0730155334,0.4669470787,0.2087704837,1.5540541410,0.6064919829,0.9418329000,0.5553287268,0.1250000000,0.1032288596,-0.6513032317,-1.3881337643,0.4992741942,1.7977168560,0.0365655087,0.8763507605,0.0557845049,0.0505539104,-0.8262526393,0.1879277080,-1.0850272179,3.0148487091,-0.7690313458,0.3836478889,0.1079901606,0.0403073207,-1.4714074135,-2.7539672852,-2.2259364128,-0.3137337863,-1.6366512775,0.9165482521,0.1259790361,0.0468802452,-1.6007207632,-1.1490691900,0.2098260671,0.1442246437,-2.8782622814,-0.1992293000,0.0921245590,0.0377704687,-0.6736344695,0.4348546565,3.9409139156,-1.4662518501,0.0400763303,-0.7032508254,0.0639750361,0.0707762390,0.3093293905,0.5788117051,3.1369237900,-0.5814247131,-0.9495973587,-0.5011208653,0.0944860354,}
{0.0318346210,-0.6824984550,-1.2860394716,-1.1004599333,-1.0691033602,-1.5368250608,0.0025788140,0.0046731466,0.0583933517,0.2996366620,-1.2789797783,1.1868287325,1.7599546909,0.5247182846,0.5016676188,-0.0011310857,0.0748542771,0.1989520043,-1.8961572647,-0.6321940422,-1.1660673618,1.3684847355,1.3616666794,-0.0106680999,0.1215285212,0.2447604090,-1.9061206579,0.9214422703,-0.4216948152,0.8910884261,1.9208997488,-0.0554203019,0.1119037420,1.1018857956,0.4129649103,-0.0032569773,0.0697198436,1.2708295584,-0.9897751212,-0.2952001989,0.0099032568,2.0974607468,3.3045873642,-0.0026113933,-0.3663848042,-3.4077970982,-0.3133615851,-0.2438556403,0.0227591787,3.8123965263,3.9910194874,0.4748217463,0.1976723373,-3.5230059624,1.6251168251,-0.3528831601,0.0594805740,0.6695393920,-1.8116531372,0.5147937536,3.5168380737,3.4693844318,0.1670868397,-0.2218877822,}
{0.0912999362,-0.0759699643,-1.1545557976,-0.7233441472,0.1476226598,0.0210877173,0.0113948481,0.0860011578,0.0939550474,-0.2282299846,-2.4769642353,1.4375460148,0.8117845058,-0.1905983686,-1.1269639730,0.0940221772,0.0421040989,0.6755397916,-0.8063930869,-0.2967829704,-0.6153559685,1.3887417316,-0.6756513715,0.0770311803,0.0832621232,0.5392810106,-1.9224377871,-1.5749773979,1.2187813520,-0.1304886639,0.8146696091,0.0855193883,0.0774101987,1.7366782427,0.4335124493,-2.5125985146,-2.1543200016,-1.0365236998,-0.9636009932,0.1466496438,0.0652867183,1.4422669411,0.6850469708,-2.4375534058,-3.1161181927,-1.1397885084,0.0850511044,0.1076703593,0.0647412017,0.4252900183,1.5252016783,1.8092608452,2.6079285145,0.1200590208,0.3083869219,0.0372152925,0.0702726841,-0.0104277628,-0.5144811273,-1.0237801075,2.9104037285,3.2126858234,1.4936749935,0.0514714085,}
{0.0167012550,-1.4918836355,-2.6034970284,-0.8807770014,-1.4974354506,-2.0257823467,0.0105174417,0.0652638301,0.0074732201,0.5412222743,1.1087839603,0.1134585738,-1.5337597132,-1.0559382439,1.9001694918,0.1209287420,0.1124149263,-1.5918996334,-1.7567219734,-0.8712399006,-1.8185462952,3.0719554424,5.5729355812,0.0813843831,0.0524460599,-0.0619193166,-3.2127513885,1.8802670240,0.6738877296,-0.8110777736,4.0261964798,-0.0440603048,0.0399563573,-1.7639992237,-2.0075097084,-1.6228590012,-2.1415400505,2.9367351532,5.5770707130,-0.1845607609,0.1240348518,-0.7107864022,-1.6314262152,-0.6800912619,-0.6969009638,-0.8084068894,-0.0231788736,-0.2256692499,0.0512710959,1.1306723356,0.0578280278,-2.2921447754,0.6747531891,2.9530658722,-1.9044407606,-0.2214576900,0.0172620323,2.5340983868,4.7162518501,4.2306942940,1.1091431379,-2.2350258827,-2.4182610512,-0.1510774493,}
{0.0422719494,-0.1548732072,-0.7825585008,-0.5540211797,0.6515002847,1.8163938522,0.0003738517,0.0861766413,0.0163502917,-1.1291278601,-1.8550955057,1.2292280197,-0.1646482497,-1.4426010847,-1.5217363834,0.0676182806,0.0820909739,0.2039087415,0.9826603532,0.2580947280,-0.8305925727,1.2262918949,-2.4721403122,0.1007346660,0.0551087968,0.1270838678,-0.8141337633,0.3419178724,0.2817242146,-0.0048989733,-0.8918387890,0.0939950645,0.0149082923,1.5580220222,1.3178024292,-2.2450942993,-2.3337500095,-2.1393117905,-2.3927099705,0.2517455816,0.0192152169,0.8686923981,0.1291248053,-3.4729979038,-3.6428551674,1.0644478798,-0.2976108491,0.3220500648,0.0214545131,-0.9122018814,-0.0908198357,2.1154782772,3.9986944199,0.9153431058,0.0900968835,0.3276729882,0.1163747087,-0.5271445513,-0.5830981135,-2.0928356647,1.2975499630,1.5939625502,2.0501468182,0.2509024739,}

}
第533883记录(19:53:42/11/22/09	):B1
{
{-3.6446194649,2.3408379555,2.5178689957,1.2957017422,-2.4612243176,1.4999641180,-0.3973942697,2.5792882442,}

}
第533884记录(19:53:42/11/22/09	):W2
{
{-3.2851488590,6.0637249947,4.8293242455,2.8874158859,-12.0857019424,-5.9305477142,3.9253387451,-1.8288255930,}
{21.8363437653,-3.6658129692,1.8995436430,5.4405388832,-4.5799202919,-1.1089316607,-8.8693828583,-1.0868173838,}
{1.6765117645,2.9207370281,11.9105434418,-6.7630372047,-6.6905193329,1.9508867264,-12.4216060638,7.5955314636,}
{-3.0931060314,-5.6453251839,-3.0081601143,-6.8207769394,0.7892704010,-8.9540634155,1.5338423252,-7.4545121193,}

}
第533885记录(19:53:42/11/22/09	):B2
{
{2.2202692032,-3.2683863640,-1.5379123688,7.4592680931,}

}
第533886记录(19:53:42/11/22/09	):out
{
{0.9997003675,0.0000064949,0.0000454712,0.9985184669,}

}
