
Width:10,Height:13

Left:2,Right:8,Top:1,Bottom:12

Left:1,Right:9,Top:3,Bottom:11
0,0,0,0,0,0,1,0,
0,0,0,0,0,0,1,0,
0,0,0,0,0,0,1,0,
0,0,0,0,0,1,1,0,
0,0,0,0,1,1,0,0,
0,0,0,1,1,0,0,0,
0,0,0,1,1,0,0,0,
0,0,0,1,1,0,0,0,
0,0,0,0,0,0,1,0,
0,0,0,0,0,0,1,0,
0,0,0,0,0,0,1,0,
0,0,0,0,0,1,1,0,
0,0,0,0,1,1,0,0,
0,0,0,1,1,0,0,0,
0,0,0,1,1,0,0,0,
0,0,0,1,1,0,0,0,

Width:10,Height:13

Left:2,Right:8,Top:1,Bottom:12

Left:1,Right:9,Top:3,Bottom:11
0,0,0,0,0,0,1,0,
0,0,0,0,0,0,1,0,
0,0,0,0,0,0,1,0,
0,0,0,0,0,1,1,0,
0,0,0,0,1,1,0,0,
0,0,0,1,1,0,0,0,
0,0,0,1,1,0,0,0,
0,0,0,1,1,0,0,0,
0,0,0,0,0,0,1,0,
0,0,0,0,0,0,1,0,
0,0,0,0,0,0,1,0,
0,0,0,0,0,1,1,0,
0,0,0,0,1,1,0,0,
0,0,0,1,1,0,0,0,
0,0,0,1,1,0,0,0,
0,0,0,1,1,0,0,0,

Width:11,Height:13

Left:2,Right:8,Top:1,Bottom:12

Left:1,Right:9,Top:3,Bottom:11
0,0,0,0,0,0,1,0,
0,0,0,0,0,0,1,0,
0,0,0,0,0,0,1,0,
0,0,0,0,0,1,1,0,
0,0,0,0,1,1,0,0,
0,0,0,1,1,0,0,0,
0,0,0,1,1,0,0,0,
0,0,0,1,1,0,0,0,
0,0,0,0,0,0,1,0,
0,0,0,0,0,0,1,0,
0,0,0,0,0,0,1,0,
0,0,0,0,0,1,1,0,
0,0,0,0,1,1,0,0,
0,0,0,1,1,0,0,0,
0,0,0,1,1,0,0,0,
0,0,0,1,1,0,0,0,

Width:11,Height:22

Left:2,Right:8,Top:4,Bottom:15

Left:1,Right:9,Top:6,Bottom:14
0,0,0,0,0,0,1,0,
0,0,0,0,0,0,1,0,
0,0,0,0,0,0,1,0,
0,0,0,0,0,1,1,0,
0,0,0,0,1,1,0,0,
0,0,0,1,1,0,0,0,
0,0,0,1,1,0,0,0,
0,0,0,1,1,0,0,0,
0,0,0,0,0,0,1,0,
0,0,0,0,0,0,1,0,
0,0,0,0,0,0,1,0,
0,0,0,0,0,1,1,0,
0,0,0,0,1,1,0,0,
0,0,0,1,1,0,0,0,
0,0,0,1,1,0,0,0,
0,0,0,1,1,0,0,0,

Width:11,Height:22

Left:2,Right:8,Top:4,Bottom:15

Left:1,Right:9,Top:6,Bottom:14
0,0,0,0,0,0,1,0,
0,0,0,0,0,0,1,0,
0,0,0,0,0,0,1,0,
0,0,0,0,0,1,1,0,
0,0,0,0,1,1,0,0,
0,0,0,1,1,0,0,0,
0,0,0,1,1,0,0,0,
0,0,0,1,1,0,0,0,
0,0,0,0,0,0,1,0,
0,0,0,0,0,0,1,0,
0,0,0,0,0,0,1,0,
0,0,0,0,0,1,1,0,
0,0,0,0,1,1,0,0,
0,0,0,1,1,0,0,0,
0,0,0,1,1,0,0,0,
0,0,0,1,1,0,0,0,

Width:10,Height:13

Left:2,Right:8,Top:1,Bottom:12

Left:1,Right:9,Top:3,Bottom:11
0,0,0,0,0,0,1,0,
0,0,0,0,0,0,1,0,
0,0,0,0,0,0,1,0,
0,0,0,0,0,1,1,0,
0,0,0,0,1,1,0,0,
0,0,0,1,1,0,0,0,
0,0,0,1,1,0,0,0,
0,0,0,1,1,0,0,0,
0,0,0,0,0,0,1,0,
0,0,0,0,0,0,1,0,
0,0,0,0,0,0,1,0,
0,0,0,0,0,1,1,0,
0,0,0,0,1,1,0,0,
0,0,0,1,1,0,0,0,
0,0,0,1,1,0,0,0,
0,0,0,1,1,0,0,0,

Width:11,Height:19

Left:2,Right:8,Top:7,Bottom:18

Left:1,Right:9,Top:8,Bottom:16
0,1,1,0,0,0,1,0,
0,0,0,0,0,0,1,0,
0,0,0,0,0,0,1,0,
0,0,0,0,0,0,1,0,
0,0,0,0,0,1,1,0,
0,0,0,0,1,1,0,0,
0,0,0,1,1,0,0,0,
0,0,0,1,1,0,0,0,
0,1,1,0,0,0,1,0,
0,0,0,0,0,0,1,0,
0,0,0,0,0,0,1,0,
0,0,0,0,0,0,1,0,
0,0,0,0,0,1,1,0,
0,0,0,0,1,1,0,0,
0,0,0,1,1,0,0,0,
0,0,0,1,1,0,0,0,

Width:12,Height:21

Left:2,Right:8,Top:4,Bottom:15

Left:1,Right:9,Top:6,Bottom:14
0,0,0,0,0,0,1,0,
0,0,0,0,0,0,1,0,
0,0,0,0,0,0,1,0,
0,0,0,0,0,1,1,0,
0,0,0,0,1,1,0,0,
0,0,0,1,1,0,0,0,
0,0,0,1,1,0,0,0,
0,0,0,1,1,0,0,0,
0,0,0,0,0,0,1,0,
0,0,0,0,0,0,1,0,
0,0,0,0,0,0,1,0,
0,0,0,0,0,1,1,0,
0,0,0,0,1,1,0,0,
0,0,0,1,1,0,0,0,
0,0,0,1,1,0,0,0,
0,0,0,1,1,0,0,0,

Width:12,Height:25

Left:2,Right:8,Top:6,Bottom:17

Left:1,Right:9,Top:8,Bottom:16
0,0,0,0,0,0,1,0,
0,0,0,0,0,0,1,0,
0,0,0,0,0,0,1,0,
0,0,0,0,0,1,1,0,
0,0,0,0,1,1,0,0,
0,0,0,1,1,0,0,0,
0,0,0,1,1,0,0,0,
0,0,0,1,1,0,0,0,
0,0,0,0,0,0,1,0,
0,0,0,0,0,0,1,0,
0,0,0,0,0,0,1,0,
0,0,0,0,0,1,1,0,
0,0,0,0,1,1,0,0,
0,0,0,1,1,0,0,0,
0,0,0,1,1,0,0,0,
0,0,0,1,1,0,0,0,

Width:12,Height:25

Left:2,Right:8,Top:6,Bottom:17

Left:1,Right:9,Top:8,Bottom:16
0,0,0,0,0,0,1,0,
0,0,0,0,0,0,1,0,
0,0,0,0,0,0,1,0,
0,0,0,0,0,1,1,0,
0,0,0,0,1,1,0,0,
0,0,0,1,1,0,0,0,
0,0,0,1,1,0,0,0,
0,0,0,1,1,0,0,0,
0,0,0,0,0,0,1,0,
0,0,0,0,0,0,1,0,
0,0,0,0,0,0,1,0,
0,0,0,0,0,1,1,0,
0,0,0,0,1,1,0,0,
0,0,0,1,1,0,0,0,
0,0,0,1,1,0,0,0,
0,0,0,1,1,0,0,0,

Width:12,Height:25

Left:2,Right:8,Top:6,Bottom:17

Left:1,Right:9,Top:8,Bottom:16
0,0,0,0,0,0,1,0,
0,0,0,0,0,0,1,0,
0,0,0,0,0,0,1,0,
0,0,0,0,0,1,1,0,
0,0,0,0,1,1,0,0,
0,0,0,1,1,0,0,0,
0,0,0,1,1,0,0,0,
0,0,0,1,1,0,0,0,
0,0,0,0,0,0,1,0,
0,0,0,0,0,0,1,0,
0,0,0,0,0,0,1,0,
0,0,0,0,0,1,1,0,
0,0,0,0,1,1,0,0,
0,0,0,1,1,0,0,0,
0,0,0,1,1,0,0,0,
0,0,0,1,1,0,0,0,

Width:11,Height:13

Left:2,Right:8,Top:1,Bottom:12

Left:1,Right:9,Top:3,Bottom:11
0,0,0,0,0,0,1,0,
0,0,0,0,0,0,1,0,
0,0,0,0,0,0,1,0,
0,0,0,0,0,1,1,0,
0,0,0,0,1,1,0,0,
0,0,0,1,1,0,0,0,
0,0,0,1,1,0,0,0,
0,0,0,1,1,0,0,0,
0,0,0,0,0,0,1,0,
0,0,0,0,0,0,1,0,
0,0,0,0,0,0,1,0,
0,0,0,0,0,1,1,0,
0,0,0,0,1,1,0,0,
0,0,0,1,1,0,0,0,
0,0,0,1,1,0,0,0,
0,0,0,1,1,0,0,0,

Width:11,Height:21

Left:2,Right:8,Top:2,Bottom:13

Left:1,Right:9,Top:4,Bottom:12
0,0,0,0,0,0,1,0,
0,0,0,0,0,0,1,0,
0,0,0,0,0,0,1,0,
0,0,0,0,0,1,1,0,
0,0,0,0,1,1,0,0,
0,0,0,1,1,0,0,0,
0,0,0,1,1,0,0,0,
0,0,0,1,1,0,0,0,
0,0,0,0,0,0,1,0,
0,0,0,0,0,0,1,0,
0,0,0,0,0,0,1,0,
0,0,0,0,0,1,1,0,
0,0,0,0,1,1,0,0,
0,0,0,1,1,0,0,0,
0,0,0,1,1,0,0,0,
0,0,0,1,1,0,0,0,

Width:11,Height:21

Left:2,Right:8,Top:2,Bottom:13

Left:1,Right:9,Top:4,Bottom:12
0,0,0,0,0,0,1,0,
0,0,0,0,0,0,1,0,
0,0,0,0,0,0,1,0,
0,0,0,0,0,1,1,0,
0,0,0,0,1,1,0,0,
0,0,0,1,1,0,0,0,
0,0,0,1,1,0,0,0,
0,0,0,1,1,0,0,0,
0,0,0,0,0,0,1,0,
0,0,0,0,0,0,1,0,
0,0,0,0,0,0,1,0,
0,0,0,0,0,1,1,0,
0,0,0,0,1,1,0,0,
0,0,0,1,1,0,0,0,
0,0,0,1,1,0,0,0,
0,0,0,1,1,0,0,0,

Width:11,Height:19

Left:2,Right:8,Top:7,Bottom:18

Left:1,Right:9,Top:8,Bottom:16
0,1,1,0,0,0,1,0,
0,0,0,0,0,0,1,0,
0,0,0,0,0,0,1,0,
0,0,0,0,0,0,1,0,
0,0,0,0,0,1,1,0,
0,0,0,0,1,1,0,0,
0,0,0,1,1,0,0,0,
0,0,0,1,1,0,0,0,
0,1,1,0,0,0,1,0,
0,0,0,0,0,0,1,0,
0,0,0,0,0,0,1,0,
0,0,0,0,0,0,1,0,
0,0,0,0,0,1,1,0,
0,0,0,0,1,1,0,0,
0,0,0,1,1,0,0,0,
0,0,0,1,1,0,0,0,

Width:11,Height:19

Left:2,Right:8,Top:7,Bottom:18

Left:1,Right:9,Top:8,Bottom:16
0,1,1,0,0,0,1,0,
0,0,0,0,0,0,1,0,
0,0,0,0,0,0,1,0,
0,0,0,0,0,0,1,0,
0,0,0,0,0,1,1,0,
0,0,0,0,1,1,0,0,
0,0,0,1,1,0,0,0,
0,0,0,1,1,0,0,0,
0,1,1,0,0,0,1,0,
0,0,0,0,0,0,1,0,
0,0,0,0,0,0,1,0,
0,0,0,0,0,0,1,0,
0,0,0,0,0,1,1,0,
0,0,0,0,1,1,0,0,
0,0,0,1,1,0,0,0,
0,0,0,1,1,0,0,0,

Width:11,Height:18

Left:2,Right:8,Top:6,Bottom:17

Left:1,Right:9,Top:7,Bottom:15
0,1,1,0,0,0,1,0,
0,0,0,0,0,0,1,0,
0,0,0,0,0,0,1,0,
0,0,0,0,0,0,1,0,
0,0,0,0,0,1,1,0,
0,0,0,0,1,1,0,0,
0,0,0,1,1,0,0,0,
0,0,0,1,1,0,0,0,
0,1,1,0,0,0,1,0,
0,0,0,0,0,0,1,0,
0,0,0,0,0,0,1,0,
0,0,0,0,0,0,1,0,
0,0,0,0,0,1,1,0,
0,0,0,0,1,1,0,0,
0,0,0,1,1,0,0,0,
0,0,0,1,1,0,0,0,

Width:11,Height:18

Left:2,Right:8,Top:1,Bottom:12

Left:1,Right:9,Top:3,Bottom:11
0,0,0,0,0,0,1,0,
0,0,0,0,0,0,1,0,
0,0,0,0,0,0,1,0,
0,0,0,0,0,1,1,0,
0,0,0,0,1,1,0,0,
0,0,0,1,1,0,0,0,
0,0,0,1,1,0,0,0,
0,0,0,1,1,0,0,0,
0,0,0,0,0,0,1,0,
0,0,0,0,0,0,1,0,
0,0,0,0,0,0,1,0,
0,0,0,0,0,1,1,0,
0,0,0,0,1,1,0,0,
0,0,0,1,1,0,0,0,
0,0,0,1,1,0,0,0,
0,0,0,1,1,0,0,0,

Width:11,Height:18

Left:2,Right:8,Top:1,Bottom:12

Left:1,Right:9,Top:3,Bottom:11
0,0,0,0,0,0,1,0,
0,0,0,0,0,0,1,0,
0,0,0,0,0,0,1,0,
0,0,0,0,0,1,1,0,
0,0,0,0,1,1,0,0,
0,0,0,1,1,0,0,0,
0,0,0,1,1,0,0,0,
0,0,0,1,1,0,0,0,
0,0,0,0,0,0,1,0,
0,0,0,0,0,0,1,0,
0,0,0,0,0,0,1,0,
0,0,0,0,0,1,1,0,
0,0,0,0,1,1,0,0,
0,0,0,1,1,0,0,0,
0,0,0,1,1,0,0,0,
0,0,0,1,1,0,0,0,

Width:11,Height:18

Left:2,Right:8,Top:6,Bottom:17

Left:1,Right:9,Top:7,Bottom:15
0,1,1,0,0,0,1,0,
0,0,0,0,0,0,1,0,
0,0,0,0,0,0,1,0,
0,0,0,0,0,0,1,0,
0,0,0,0,0,1,1,0,
0,0,0,0,1,1,0,0,
0,0,0,1,1,0,0,0,
0,0,0,1,1,0,0,0,
0,1,1,0,0,0,1,0,
0,0,0,0,0,0,1,0,
0,0,0,0,0,0,1,0,
0,0,0,0,0,0,1,0,
0,0,0,0,0,1,1,0,
0,0,0,0,1,1,0,0,
0,0,0,1,1,0,0,0,
0,0,0,1,1,0,0,0,

Width:10,Height:13

Left:2,Right:8,Top:1,Bottom:12

Left:1,Right:9,Top:3,Bottom:11
0,0,0,0,0,0,1,0,
0,0,0,0,0,0,1,0,
0,0,0,0,0,0,1,0,
0,0,0,0,0,1,1,0,
0,0,0,0,1,1,0,0,
0,0,0,1,1,0,0,0,
0,0,0,1,1,0,0,0,
0,0,0,1,1,0,0,0,
0,0,0,0,0,0,1,0,
0,0,0,0,0,0,1,0,
0,0,0,0,0,0,1,0,
0,0,0,0,0,1,1,0,
0,0,0,0,1,1,0,0,
0,0,0,1,1,0,0,0,
0,0,0,1,1,0,0,0,
0,0,0,1,1,0,0,0,

Width:10,Height:13

Left:2,Right:8,Top:1,Bottom:12

Left:1,Right:9,Top:3,Bottom:11
0,0,0,0,0,0,1,0,
0,0,0,0,0,0,1,0,
0,0,0,0,0,0,1,0,
0,0,0,0,0,1,1,0,
0,0,0,0,1,1,0,0,
0,0,0,1,1,0,0,0,
0,0,0,1,1,0,0,0,
0,0,0,1,1,0,0,0,
0,0,0,0,0,0,1,0,
0,0,0,0,0,0,1,0,
0,0,0,0,0,0,1,0,
0,0,0,0,0,1,1,0,
0,0,0,0,1,1,0,0,
0,0,0,1,1,0,0,0,
0,0,0,1,1,0,0,0,
0,0,0,1,1,0,0,0,

Width:11,Height:18

Left:2,Right:8,Top:1,Bottom:12

Left:1,Right:9,Top:3,Bottom:11
0,0,0,0,0,0,1,0,
0,0,0,0,0,0,1,0,
0,0,0,0,0,0,1,0,
0,0,0,0,0,1,1,0,
0,0,0,0,1,1,0,0,
0,0,0,1,1,0,0,0,
0,0,0,1,1,0,0,0,
0,0,0,1,1,0,0,0,
0,0,0,0,0,0,1,0,
0,0,0,0,0,0,1,0,
0,0,0,0,0,0,1,0,
0,0,0,0,0,1,1,0,
0,0,0,0,1,1,0,0,
0,0,0,1,1,0,0,0,
0,0,0,1,1,0,0,0,
0,0,0,1,1,0,0,0,

Width:11,Height:18

Left:2,Right:8,Top:1,Bottom:12

Left:1,Right:9,Top:3,Bottom:11
0,0,0,0,0,0,1,0,
0,0,0,0,0,0,1,0,
0,0,0,0,0,0,1,0,
0,0,0,0,0,1,1,0,
0,0,0,0,1,1,0,0,
0,0,0,1,1,0,0,0,
0,0,0,1,1,0,0,0,
0,0,0,1,1,0,0,0,
0,0,0,0,0,0,1,0,
0,0,0,0,0,0,1,0,
0,0,0,0,0,0,1,0,
0,0,0,0,0,1,1,0,
0,0,0,0,1,1,0,0,
0,0,0,1,1,0,0,0,
0,0,0,1,1,0,0,0,
0,0,0,1,1,0,0,0,

Width:10,Height:14

Left:2,Right:8,Top:2,Bottom:13

Left:1,Right:9,Top:3,Bottom:11
0,1,1,0,0,0,1,0,
0,0,0,0,0,0,1,0,
0,0,0,0,0,0,1,0,
0,0,0,0,0,0,1,0,
0,0,0,0,0,1,1,0,
0,0,0,0,1,1,0,0,
0,0,0,1,1,0,0,0,
0,0,0,1,1,0,0,0,
0,1,1,0,0,0,1,0,
0,0,0,0,0,0,1,0,
0,0,0,0,0,0,1,0,
0,0,0,0,0,0,1,0,
0,0,0,0,0,1,1,0,
0,0,0,0,1,1,0,0,
0,0,0,1,1,0,0,0,
0,0,0,1,1,0,0,0,

Width:12,Height:21

Left:2,Right:8,Top:4,Bottom:15

Left:1,Right:9,Top:6,Bottom:14
0,0,0,0,0,0,1,0,
0,0,0,0,0,0,1,0,
0,0,0,0,0,0,1,0,
0,0,0,0,0,1,1,0,
0,0,0,0,1,1,0,0,
0,0,0,1,1,0,0,0,
0,0,0,1,1,0,0,0,
0,0,0,1,1,0,0,0,
0,0,0,0,0,0,1,0,
0,0,0,0,0,0,1,0,
0,0,0,0,0,0,1,0,
0,0,0,0,0,1,1,0,
0,0,0,0,1,1,0,0,
0,0,0,1,1,0,0,0,
0,0,0,1,1,0,0,0,
0,0,0,1,1,0,0,0,

Width:12,Height:21

Left:2,Right:8,Top:4,Bottom:15

Left:1,Right:9,Top:6,Bottom:14
0,0,0,0,0,0,1,0,
0,0,0,0,0,0,1,0,
0,0,0,0,0,0,1,0,
0,0,0,0,0,1,1,0,
0,0,0,0,1,1,0,0,
0,0,0,1,1,0,0,0,
0,0,0,1,1,0,0,0,
0,0,0,1,1,0,0,0,
0,0,0,0,0,0,1,0,
0,0,0,0,0,0,1,0,
0,0,0,0,0,0,1,0,
0,0,0,0,0,1,1,0,
0,0,0,0,1,1,0,0,
0,0,0,1,1,0,0,0,
0,0,0,1,1,0,0,0,
0,0,0,1,1,0,0,0,

Width:11,Height:18

Left:2,Right:8,Top:1,Bottom:12

Left:1,Right:9,Top:3,Bottom:11
0,0,0,0,0,0,1,0,
0,0,0,0,0,0,1,0,
0,0,0,0,0,0,1,0,
0,0,0,0,0,1,1,0,
0,0,0,0,1,1,0,0,
0,0,0,1,1,0,0,0,
0,0,0,1,1,0,0,0,
0,0,0,1,1,0,0,0,
0,0,0,0,0,0,1,0,
0,0,0,0,0,0,1,0,
0,0,0,0,0,0,1,0,
0,0,0,0,0,1,1,0,
0,0,0,0,1,1,0,0,
0,0,0,1,1,0,0,0,
0,0,0,1,1,0,0,0,
0,0,0,1,1,0,0,0,

Width:11,Height:21

Left:2,Right:8,Top:2,Bottom:13

Left:1,Right:9,Top:4,Bottom:12
0,0,0,0,0,0,1,0,
0,0,0,0,0,0,1,0,
0,0,0,0,0,0,1,0,
0,0,0,0,0,1,1,0,
0,0,0,0,1,1,0,0,
0,0,0,1,1,0,0,0,
0,0,0,1,1,0,0,0,
0,0,0,1,1,0,0,0,
0,0,0,0,0,0,1,0,
0,0,0,0,0,0,1,0,
0,0,0,0,0,0,1,0,
0,0,0,0,0,1,1,0,
0,0,0,0,1,1,0,0,
0,0,0,1,1,0,0,0,
0,0,0,1,1,0,0,0,
0,0,0,1,1,0,0,0,

Width:11,Height:13

Left:2,Right:8,Top:1,Bottom:12

Left:1,Right:9,Top:3,Bottom:11
0,0,0,0,0,0,1,0,
0,0,0,0,0,0,1,0,
0,0,0,0,0,0,1,0,
0,0,0,0,0,1,1,0,
0,0,0,0,1,1,0,0,
0,0,0,1,1,0,0,0,
0,0,0,1,1,0,0,0,
0,0,0,1,1,0,0,0,
0,0,0,0,0,0,1,0,
0,0,0,0,0,0,1,0,
0,0,0,0,0,0,1,0,
0,0,0,0,0,1,1,0,
0,0,0,0,1,1,0,0,
0,0,0,1,1,0,0,0,
0,0,0,1,1,0,0,0,
0,0,0,1,1,0,0,0,

Width:11,Height:13

Left:2,Right:8,Top:1,Bottom:12

Left:1,Right:9,Top:3,Bottom:11
0,0,0,0,0,0,1,0,
0,0,0,0,0,0,1,0,
0,0,0,0,0,0,1,0,
0,0,0,0,0,1,1,0,
0,0,0,0,1,1,0,0,
0,0,0,1,1,0,0,0,
0,0,0,1,1,0,0,0,
0,0,0,1,1,0,0,0,
0,0,0,0,0,0,1,0,
0,0,0,0,0,0,1,0,
0,0,0,0,0,0,1,0,
0,0,0,0,0,1,1,0,
0,0,0,0,1,1,0,0,
0,0,0,1,1,0,0,0,
0,0,0,1,1,0,0,0,
0,0,0,1,1,0,0,0,

Width:11,Height:13

Left:2,Right:8,Top:1,Bottom:12

Left:1,Right:9,Top:3,Bottom:11
0,0,0,0,0,0,1,0,
0,0,0,0,0,0,1,0,
0,0,0,0,0,0,1,0,
0,0,0,0,0,1,1,0,
0,0,0,0,1,1,0,0,
0,0,0,1,1,0,0,0,
0,0,0,1,1,0,0,0,
0,0,0,1,1,0,0,0,
0,0,0,0,0,0,1,0,
0,0,0,0,0,0,1,0,
0,0,0,0,0,0,1,0,
0,0,0,0,0,1,1,0,
0,0,0,0,1,1,0,0,
0,0,0,1,1,0,0,0,
0,0,0,1,1,0,0,0,
0,0,0,1,1,0,0,0,

Width:12,Height:22

Left:2,Right:8,Top:4,Bottom:15

Left:1,Right:9,Top:6,Bottom:14
0,0,0,0,0,0,1,0,
0,0,0,0,0,0,1,0,
0,0,0,0,0,0,1,0,
0,0,0,0,0,1,1,0,
0,0,0,0,1,1,0,0,
0,0,0,1,1,0,0,0,
0,0,0,1,1,0,0,0,
0,0,0,1,1,0,0,0,
0,0,0,0,0,0,1,0,
0,0,0,0,0,0,1,0,
0,0,0,0,0,0,1,0,
0,0,0,0,0,1,1,0,
0,0,0,0,1,1,0,0,
0,0,0,1,1,0,0,0,
0,0,0,1,1,0,0,0,
0,0,0,1,1,0,0,0,

Width:12,Height:22

Left:2,Right:8,Top:4,Bottom:15

Left:1,Right:9,Top:6,Bottom:14
0,0,0,0,0,0,1,0,
0,0,0,0,0,0,1,0,
0,0,0,0,0,0,1,0,
0,0,0,0,0,1,1,0,
0,0,0,0,1,1,0,0,
0,0,0,1,1,0,0,0,
0,0,0,1,1,0,0,0,
0,0,0,1,1,0,0,0,
0,0,0,0,0,0,1,0,
0,0,0,0,0,0,1,0,
0,0,0,0,0,0,1,0,
0,0,0,0,0,1,1,0,
0,0,0,0,1,1,0,0,
0,0,0,1,1,0,0,0,
0,0,0,1,1,0,0,0,
0,0,0,1,1,0,0,0,

Width:12,Height:25

Left:2,Right:8,Top:6,Bottom:17

Left:1,Right:9,Top:8,Bottom:16
0,0,0,0,0,0,1,0,
0,0,0,0,0,0,1,0,
0,0,0,0,0,0,1,0,
0,0,0,0,0,1,1,0,
0,0,0,0,1,1,0,0,
0,0,0,1,1,0,0,0,
0,0,0,1,1,0,0,0,
0,0,0,1,1,0,0,0,
0,0,0,0,0,0,1,0,
0,0,0,0,0,0,1,0,
0,0,0,0,0,0,1,0,
0,0,0,0,0,1,1,0,
0,0,0,0,1,1,0,0,
0,0,0,1,1,0,0,0,
0,0,0,1,1,0,0,0,
0,0,0,1,1,0,0,0,

Width:11,Height:21

Left:2,Right:8,Top:2,Bottom:13

Left:1,Right:9,Top:4,Bottom:12
0,0,0,0,0,0,1,0,
0,0,0,0,0,0,1,0,
0,0,0,0,0,0,1,0,
0,0,0,0,0,1,1,0,
0,0,0,0,1,1,0,0,
0,0,0,1,1,0,0,0,
0,0,0,1,1,0,0,0,
0,0,0,1,1,0,0,0,
0,0,0,0,0,0,1,0,
0,0,0,0,0,0,1,0,
0,0,0,0,0,0,1,0,
0,0,0,0,0,1,1,0,
0,0,0,0,1,1,0,0,
0,0,0,1,1,0,0,0,
0,0,0,1,1,0,0,0,
0,0,0,1,1,0,0,0,

Width:11,Height:17

Left:2,Right:8,Top:5,Bottom:16

Left:1,Right:9,Top:6,Bottom:14
0,1,1,0,0,0,1,0,
0,0,0,0,0,0,1,0,
0,0,0,0,0,0,1,0,
0,0,0,0,0,0,1,0,
0,0,0,0,0,1,1,0,
0,0,0,0,1,1,0,0,
0,0,0,1,1,0,0,0,
0,0,0,1,1,0,0,0,
0,1,1,0,0,0,1,0,
0,0,0,0,0,0,1,0,
0,0,0,0,0,0,1,0,
0,0,0,0,0,0,1,0,
0,0,0,0,0,1,1,0,
0,0,0,0,1,1,0,0,
0,0,0,1,1,0,0,0,
0,0,0,1,1,0,0,0,

Width:11,Height:17

Left:2,Right:8,Top:5,Bottom:16

Left:1,Right:9,Top:6,Bottom:14
0,1,1,0,0,0,1,0,
0,0,0,0,0,0,1,0,
0,0,0,0,0,0,1,0,
0,0,0,0,0,0,1,0,
0,0,0,0,0,1,1,0,
0,0,0,0,1,1,0,0,
0,0,0,1,1,0,0,0,
0,0,0,1,1,0,0,0,
0,1,1,0,0,0,1,0,
0,0,0,0,0,0,1,0,
0,0,0,0,0,0,1,0,
0,0,0,0,0,0,1,0,
0,0,0,0,0,1,1,0,
0,0,0,0,1,1,0,0,
0,0,0,1,1,0,0,0,
0,0,0,1,1,0,0,0,

Width:11,Height:17

Left:2,Right:8,Top:5,Bottom:16

Left:1,Right:9,Top:6,Bottom:14
0,1,1,0,0,0,1,0,
0,0,0,0,0,0,1,0,
0,0,0,0,0,0,1,0,
0,0,0,0,0,0,1,0,
0,0,0,0,0,1,1,0,
0,0,0,0,1,1,0,0,
0,0,0,1,1,0,0,0,
0,0,0,1,1,0,0,0,
0,1,1,0,0,0,1,0,
0,0,0,0,0,0,1,0,
0,0,0,0,0,0,1,0,
0,0,0,0,0,0,1,0,
0,0,0,0,0,1,1,0,
0,0,0,0,1,1,0,0,
0,0,0,1,1,0,0,0,
0,0,0,1,1,0,0,0,

Width:11,Height:17

Left:2,Right:8,Top:5,Bottom:16

Left:1,Right:9,Top:6,Bottom:14
0,1,1,0,0,0,1,0,
0,0,0,0,0,0,1,0,
0,0,0,0,0,0,1,0,
0,0,0,0,0,0,1,0,
0,0,0,0,0,1,1,0,
0,0,0,0,1,1,0,0,
0,0,0,1,1,0,0,0,
0,0,0,1,1,0,0,0,
0,1,1,0,0,0,1,0,
0,0,0,0,0,0,1,0,
0,0,0,0,0,0,1,0,
0,0,0,0,0,0,1,0,
0,0,0,0,0,1,1,0,
0,0,0,0,1,1,0,0,
0,0,0,1,1,0,0,0,
0,0,0,1,1,0,0,0,

Width:11,Height:13

Left:2,Right:8,Top:1,Bottom:12

Left:1,Right:9,Top:3,Bottom:11
0,0,0,0,0,0,1,0,
0,0,0,0,0,0,1,0,
0,0,0,0,0,0,1,0,
0,0,0,0,0,1,1,0,
0,0,0,0,1,1,0,0,
0,0,0,1,1,0,0,0,
0,0,0,1,1,0,0,0,
0,0,0,1,1,0,0,0,
0,0,0,0,0,0,1,0,
0,0,0,0,0,0,1,0,
0,0,0,0,0,0,1,0,
0,0,0,0,0,1,1,0,
0,0,0,0,1,1,0,0,
0,0,0,1,1,0,0,0,
0,0,0,1,1,0,0,0,
0,0,0,1,1,0,0,0,

Width:10,Height:13

Left:2,Right:8,Top:1,Bottom:12

Left:1,Right:9,Top:3,Bottom:11
0,0,0,0,0,0,1,0,
0,0,0,0,0,0,1,0,
0,0,0,0,0,0,1,0,
0,0,0,0,0,1,1,0,
0,0,0,0,1,1,0,0,
0,0,0,1,1,0,0,0,
0,0,0,1,1,0,0,0,
0,0,0,1,1,0,0,0,
0,0,0,0,0,0,1,0,
0,0,0,0,0,0,1,0,
0,0,0,0,0,0,1,0,
0,0,0,0,0,1,1,0,
0,0,0,0,1,1,0,0,
0,0,0,1,1,0,0,0,
0,0,0,1,1,0,0,0,
0,0,0,1,1,0,0,0,
