
Width:14,Height:20

Left:2,Right:11,Top:1,Bottom:19

Left:3,Right:11,Top:2,Bottom:18
0,0,0,0,0,1,1,0,
0,0,0,0,1,1,1,0,
0,0,0,0,1,1,1,0,
0,0,1,1,1,1,1,0,
0,0,0,1,1,1,1,0,
0,0,1,0,1,1,1,0,
0,1,0,0,0,1,1,0,
0,1,0,0,1,1,1,0,
1,0,0,0,1,1,1,0,
1,0,0,0,1,1,1,0,
0,0,0,0,0,1,1,0,
1,1,1,1,1,1,1,1,
0,0,0,0,0,1,1,0,
0,0,0,0,0,1,1,0,
0,0,0,0,0,1,1,0,
0,0,0,0,0,1,1,0,
0,0,0,0,1,2,2,0,
0,0,1,1,2,2,2,0,
0,0,1,1,2,2,2,0,
0,2,0,0,1,2,2,0,
2,0,0,0,2,2,2,0,
1,1,1,1,1,2,2,1,
0,0,0,0,0,2,2,0,
0,0,0,0,0,2,2,0,

Width:14,Height:20

Left:2,Right:11,Top:1,Bottom:19

Left:3,Right:11,Top:2,Bottom:18
0,0,0,0,0,1,1,0,
0,0,0,0,1,1,1,0,
0,0,0,0,1,1,1,0,
0,0,1,1,1,1,1,0,
0,0,0,1,1,1,1,0,
0,0,1,0,1,1,1,0,
0,1,0,0,0,1,1,0,
0,1,0,0,1,1,1,0,
1,0,0,0,1,1,1,0,
1,0,0,0,1,1,1,0,
0,0,0,0,0,1,1,0,
1,1,1,1,1,1,1,1,
0,0,0,0,0,1,1,0,
0,0,0,0,0,1,1,0,
0,0,0,0,0,1,1,0,
0,0,0,0,0,1,1,0,
0,0,0,0,1,2,2,0,
0,0,1,1,2,2,2,0,
0,0,1,1,2,2,2,0,
0,2,0,0,1,2,2,0,
2,0,0,0,2,2,2,0,
1,1,1,1,1,2,2,1,
0,0,0,0,0,2,2,0,
0,0,0,0,0,2,2,0,
