
Width:10,Height:13

Left:2,Right:7,Top:1,Bottom:12

Left:1,Right:9,Top:3,Bottom:11
0,1,1,1,1,0,0,0,
0,0,0,1,1,0,0,0,
0,0,0,1,1,0,0,0,
0,0,0,1,1,0,0,0,
0,0,0,1,1,0,0,0,
0,0,0,1,1,0,0,0,
0,0,0,1,1,0,0,0,
0,0,0,1,1,0,0,0,
0,1,1,1,1,0,0,0,
0,0,0,1,1,0,0,0,
0,0,0,1,1,0,0,0,
0,0,0,1,1,0,0,0,
0,0,0,1,1,0,0,0,
0,0,0,1,1,0,0,0,
0,0,0,1,1,0,0,0,
0,0,0,1,1,0,0,0,

Width:10,Height:13

Left:2,Right:7,Top:1,Bottom:12

Left:1,Right:9,Top:3,Bottom:11
0,1,1,1,1,0,0,0,
0,0,0,1,1,0,0,0,
0,0,0,1,1,0,0,0,
0,0,0,1,1,0,0,0,
0,0,0,1,1,0,0,0,
0,0,0,1,1,0,0,0,
0,0,0,1,1,0,0,0,
0,0,0,1,1,0,0,0,
0,1,1,1,1,0,0,0,
0,0,0,1,1,0,0,0,
0,0,0,1,1,0,0,0,
0,0,0,1,1,0,0,0,
0,0,0,1,1,0,0,0,
0,0,0,1,1,0,0,0,
0,0,0,1,1,0,0,0,
0,0,0,1,1,0,0,0,

Width:10,Height:13

Left:2,Right:7,Top:1,Bottom:12

Left:1,Right:9,Top:3,Bottom:11
0,1,1,1,1,0,0,0,
0,0,0,1,1,0,0,0,
0,0,0,1,1,0,0,0,
0,0,0,1,1,0,0,0,
0,0,0,1,1,0,0,0,
0,0,0,1,1,0,0,0,
0,0,0,1,1,0,0,0,
0,0,0,1,1,0,0,0,
0,1,1,1,1,0,0,0,
0,0,0,1,1,0,0,0,
0,0,0,1,1,0,0,0,
0,0,0,1,1,0,0,0,
0,0,0,1,1,0,0,0,
0,0,0,1,1,0,0,0,
0,0,0,1,1,0,0,0,
0,0,0,1,1,0,0,0,

Width:11,Height:22

Left:0,Right:8,Top:1,Bottom:22

Left:0,Right:8,Top:-1,Bottom:23
0,0,0,0,0,0,0,0,
0,0,0,0,0,0,0,0,
0,0,1,0,0,0,0,0,
0,0,1,0,0,0,0,0,
0,0,1,0,0,0,0,0,
0,0,1,0,0,1,1,0,
0,0,1,0,1,1,1,0,
0,0,1,1,1,1,1,0,
0,0,1,0,0,1,1,0,
0,0,1,0,0,1,1,0,
0,0,1,0,0,1,1,0,
0,0,1,0,0,1,1,0,
0,0,1,0,0,1,1,0,
0,0,1,0,0,1,1,0,
0,0,1,0,0,1,1,0,
0,0,1,0,0,1,1,0,
0,0,1,1,1,1,1,1,
0,0,1,0,0,0,0,0,
0,0,1,0,0,0,0,0,
0,0,1,0,0,0,0,0,
0,0,1,0,0,0,0,0,
0,1,1,0,0,0,0,0,
1,1,1,1,0,0,0,0,
0,0,0,0,0,0,0,0,
0,0,1,0,0,0,0,0,
0,0,3,0,0,1,1,0,
0,0,3,1,2,3,3,0,
0,0,3,0,0,3,3,0,
0,0,3,0,0,3,3,0,
0,0,3,1,1,2,2,1,
0,0,3,0,0,0,0,0,
1,2,2,1,0,0,0,0,

Width:11,Height:22

Left:2,Right:7,Top:4,Bottom:15

Left:1,Right:9,Top:6,Bottom:14
0,1,1,1,1,0,0,0,
0,0,0,1,1,0,0,0,
0,0,0,1,1,0,0,0,
0,0,0,1,1,0,0,0,
0,0,0,1,1,0,0,0,
0,0,0,1,1,0,0,0,
0,0,0,1,1,0,0,0,
0,0,0,1,1,0,0,0,
0,1,1,1,1,0,0,0,
0,0,0,1,1,0,0,0,
0,0,0,1,1,0,0,0,
0,0,0,1,1,0,0,0,
0,0,0,1,1,0,0,0,
0,0,0,1,1,0,0,0,
0,0,0,1,1,0,0,0,
0,0,0,1,1,0,0,0,

Width:11,Height:22

Left:2,Right:7,Top:4,Bottom:15

Left:1,Right:9,Top:6,Bottom:14
0,1,1,1,1,0,0,0,
0,0,0,1,1,0,0,0,
0,0,0,1,1,0,0,0,
0,0,0,1,1,0,0,0,
0,0,0,1,1,0,0,0,
0,0,0,1,1,0,0,0,
0,0,0,1,1,0,0,0,
0,0,0,1,1,0,0,0,
0,1,1,1,1,0,0,0,
0,0,0,1,1,0,0,0,
0,0,0,1,1,0,0,0,
0,0,0,1,1,0,0,0,
0,0,0,1,1,0,0,0,
0,0,0,1,1,0,0,0,
0,0,0,1,1,0,0,0,
0,0,0,1,1,0,0,0,

Width:11,Height:22

Left:2,Right:7,Top:4,Bottom:15

Left:1,Right:9,Top:6,Bottom:14
0,1,1,1,1,0,0,0,
0,0,0,1,1,0,0,0,
0,0,0,1,1,0,0,0,
0,0,0,1,1,0,0,0,
0,0,0,1,1,0,0,0,
0,0,0,1,1,0,0,0,
0,0,0,1,1,0,0,0,
0,0,0,1,1,0,0,0,
0,1,1,1,1,0,0,0,
0,0,0,1,1,0,0,0,
0,0,0,1,1,0,0,0,
0,0,0,1,1,0,0,0,
0,0,0,1,1,0,0,0,
0,0,0,1,1,0,0,0,
0,0,0,1,1,0,0,0,
0,0,0,1,1,0,0,0,

Width:10,Height:13

Left:2,Right:7,Top:1,Bottom:12

Left:1,Right:9,Top:3,Bottom:11
0,1,1,1,1,0,0,0,
0,0,0,1,1,0,0,0,
0,0,0,1,1,0,0,0,
0,0,0,1,1,0,0,0,
0,0,0,1,1,0,0,0,
0,0,0,1,1,0,0,0,
0,0,0,1,1,0,0,0,
0,0,0,1,1,0,0,0,
0,1,1,1,1,0,0,0,
0,0,0,1,1,0,0,0,
0,0,0,1,1,0,0,0,
0,0,0,1,1,0,0,0,
0,0,0,1,1,0,0,0,
0,0,0,1,1,0,0,0,
0,0,0,1,1,0,0,0,
0,0,0,1,1,0,0,0,

Width:11,Height:13

Left:2,Right:7,Top:1,Bottom:12

Left:1,Right:9,Top:3,Bottom:11
0,1,1,1,1,0,0,0,
0,0,0,1,1,0,0,0,
0,0,0,1,1,0,0,0,
0,0,0,1,1,0,0,0,
0,0,0,1,1,0,0,0,
0,0,0,1,1,0,0,0,
0,0,0,1,1,0,0,0,
0,0,0,1,1,0,0,0,
0,1,1,1,1,0,0,0,
0,0,0,1,1,0,0,0,
0,0,0,1,1,0,0,0,
0,0,0,1,1,0,0,0,
0,0,0,1,1,0,0,0,
0,0,0,1,1,0,0,0,
0,0,0,1,1,0,0,0,
0,0,0,1,1,0,0,0,

Width:11,Height:13

Left:2,Right:7,Top:1,Bottom:12

Left:1,Right:9,Top:3,Bottom:11
0,1,1,1,1,0,0,0,
0,0,0,1,1,0,0,0,
0,0,0,1,1,0,0,0,
0,0,0,1,1,0,0,0,
0,0,0,1,1,0,0,0,
0,0,0,1,1,0,0,0,
0,0,0,1,1,0,0,0,
0,0,0,1,1,0,0,0,
0,1,1,1,1,0,0,0,
0,0,0,1,1,0,0,0,
0,0,0,1,1,0,0,0,
0,0,0,1,1,0,0,0,
0,0,0,1,1,0,0,0,
0,0,0,1,1,0,0,0,
0,0,0,1,1,0,0,0,
0,0,0,1,1,0,0,0,

Width:10,Height:13

Left:2,Right:7,Top:1,Bottom:12

Left:1,Right:9,Top:3,Bottom:11
0,1,1,1,1,0,0,0,
0,0,0,1,1,0,0,0,
0,0,0,1,1,0,0,0,
0,0,0,1,1,0,0,0,
0,0,0,1,1,0,0,0,
0,0,0,1,1,0,0,0,
0,0,0,1,1,0,0,0,
0,0,0,1,1,0,0,0,
0,1,1,1,1,0,0,0,
0,0,0,1,1,0,0,0,
0,0,0,1,1,0,0,0,
0,0,0,1,1,0,0,0,
0,0,0,1,1,0,0,0,
0,0,0,1,1,0,0,0,
0,0,0,1,1,0,0,0,
0,0,0,1,1,0,0,0,

Width:11,Height:13

Left:2,Right:7,Top:1,Bottom:12

Left:1,Right:9,Top:3,Bottom:11
0,1,1,1,1,0,0,0,
0,0,0,1,1,0,0,0,
0,0,0,1,1,0,0,0,
0,0,0,1,1,0,0,0,
0,0,0,1,1,0,0,0,
0,0,0,1,1,0,0,0,
0,0,0,1,1,0,0,0,
0,0,0,1,1,0,0,0,
0,1,1,1,1,0,0,0,
0,0,0,1,1,0,0,0,
0,0,0,1,1,0,0,0,
0,0,0,1,1,0,0,0,
0,0,0,1,1,0,0,0,
0,0,0,1,1,0,0,0,
0,0,0,1,1,0,0,0,
0,0,0,1,1,0,0,0,

Width:11,Height:13

Left:2,Right:7,Top:1,Bottom:12

Left:1,Right:9,Top:3,Bottom:11
0,1,1,1,1,0,0,0,
0,0,0,1,1,0,0,0,
0,0,0,1,1,0,0,0,
0,0,0,1,1,0,0,0,
0,0,0,1,1,0,0,0,
0,0,0,1,1,0,0,0,
0,0,0,1,1,0,0,0,
0,0,0,1,1,0,0,0,
0,1,1,1,1,0,0,0,
0,0,0,1,1,0,0,0,
0,0,0,1,1,0,0,0,
0,0,0,1,1,0,0,0,
0,0,0,1,1,0,0,0,
0,0,0,1,1,0,0,0,
0,0,0,1,1,0,0,0,
0,0,0,1,1,0,0,0,

Width:11,Height:13

Left:2,Right:7,Top:1,Bottom:12

Left:1,Right:9,Top:3,Bottom:11
0,1,1,1,1,0,0,0,
0,0,0,1,1,0,0,0,
0,0,0,1,1,0,0,0,
0,0,0,1,1,0,0,0,
0,0,0,1,1,0,0,0,
0,0,0,1,1,0,0,0,
0,0,0,1,1,0,0,0,
0,0,0,1,1,0,0,0,
0,1,1,1,1,0,0,0,
0,0,0,1,1,0,0,0,
0,0,0,1,1,0,0,0,
0,0,0,1,1,0,0,0,
0,0,0,1,1,0,0,0,
0,0,0,1,1,0,0,0,
0,0,0,1,1,0,0,0,
0,0,0,1,1,0,0,0,

Width:11,Height:13

Left:2,Right:7,Top:1,Bottom:12

Left:1,Right:9,Top:3,Bottom:11
0,1,1,1,1,0,0,0,
0,0,0,1,1,0,0,0,
0,0,0,1,1,0,0,0,
0,0,0,1,1,0,0,0,
0,0,0,1,1,0,0,0,
0,0,0,1,1,0,0,0,
0,0,0,1,1,0,0,0,
0,0,0,1,1,0,0,0,
0,1,1,1,1,0,0,0,
0,0,0,1,1,0,0,0,
0,0,0,1,1,0,0,0,
0,0,0,1,1,0,0,0,
0,0,0,1,1,0,0,0,
0,0,0,1,1,0,0,0,
0,0,0,1,1,0,0,0,
0,0,0,1,1,0,0,0,

Width:11,Height:13

Left:2,Right:8,Top:1,Bottom:12

Left:1,Right:9,Top:3,Bottom:11
0,1,1,1,1,1,0,0,
0,0,0,0,1,1,0,0,
0,0,0,0,1,1,0,0,
0,0,0,0,1,1,0,0,
0,0,0,0,1,1,0,0,
0,0,0,0,1,1,0,0,
0,0,0,0,1,1,0,0,
0,0,0,0,1,1,0,0,
0,1,1,1,1,1,0,0,
0,0,0,0,1,1,0,0,
0,0,0,0,1,1,0,0,
0,0,0,0,1,1,0,0,
0,0,0,0,1,1,0,0,
0,0,0,0,1,1,0,0,
0,0,0,0,1,1,0,0,
0,0,0,0,1,1,0,0,

Width:11,Height:13

Left:2,Right:7,Top:1,Bottom:12

Left:1,Right:9,Top:3,Bottom:11
0,1,1,1,1,0,0,0,
0,0,0,1,1,0,0,0,
0,0,0,1,1,0,0,0,
0,0,0,1,1,0,0,0,
0,0,0,1,1,0,0,0,
0,0,0,1,1,0,0,0,
0,0,0,1,1,0,0,0,
0,0,0,1,1,0,0,0,
0,1,1,1,1,0,0,0,
0,0,0,1,1,0,0,0,
0,0,0,1,1,0,0,0,
0,0,0,1,1,0,0,0,
0,0,0,1,1,0,0,0,
0,0,0,1,1,0,0,0,
0,0,0,1,1,0,0,0,
0,0,0,1,1,0,0,0,

Width:11,Height:13

Left:2,Right:7,Top:1,Bottom:12

Left:1,Right:9,Top:3,Bottom:11
0,1,1,1,1,0,0,0,
0,0,0,1,1,0,0,0,
0,0,0,1,1,0,0,0,
0,0,0,1,1,0,0,0,
0,0,0,1,1,0,0,0,
0,0,0,1,1,0,0,0,
0,0,0,1,1,0,0,0,
0,0,0,1,1,0,0,0,
0,1,1,1,1,0,0,0,
0,0,0,1,1,0,0,0,
0,0,0,1,1,0,0,0,
0,0,0,1,1,0,0,0,
0,0,0,1,1,0,0,0,
0,0,0,1,1,0,0,0,
0,0,0,1,1,0,0,0,
0,0,0,1,1,0,0,0,

Width:11,Height:13

Left:2,Right:7,Top:1,Bottom:12

Left:1,Right:9,Top:3,Bottom:11
0,1,1,1,1,0,0,0,
0,0,0,1,1,0,0,0,
0,0,0,1,1,0,0,0,
0,0,0,1,1,0,0,0,
0,0,0,1,1,0,0,0,
0,0,0,1,1,0,0,0,
0,0,0,1,1,0,0,0,
0,0,0,1,1,0,0,0,
0,1,1,1,1,0,0,0,
0,0,0,1,1,0,0,0,
0,0,0,1,1,0,0,0,
0,0,0,1,1,0,0,0,
0,0,0,1,1,0,0,0,
0,0,0,1,1,0,0,0,
0,0,0,1,1,0,0,0,
0,0,0,1,1,0,0,0,

Width:11,Height:13

Left:2,Right:7,Top:1,Bottom:12

Left:1,Right:9,Top:3,Bottom:11
0,1,1,1,1,0,0,0,
0,0,0,1,1,0,0,0,
0,0,0,1,1,0,0,0,
0,0,0,1,1,0,0,0,
0,0,0,1,1,0,0,0,
0,0,0,1,1,0,0,0,
0,0,0,1,1,0,0,0,
0,0,0,1,1,0,0,0,
0,1,1,1,1,0,0,0,
0,0,0,1,1,0,0,0,
0,0,0,1,1,0,0,0,
0,0,0,1,1,0,0,0,
0,0,0,1,1,0,0,0,
0,0,0,1,1,0,0,0,
0,0,0,1,1,0,0,0,
0,0,0,1,1,0,0,0,

Width:11,Height:13

Left:2,Right:7,Top:1,Bottom:12

Left:1,Right:9,Top:3,Bottom:11
0,1,1,1,1,0,0,0,
0,0,0,1,1,0,0,0,
0,0,0,1,1,0,0,0,
0,0,0,1,1,0,0,0,
0,0,0,1,1,0,0,0,
0,0,0,1,1,0,0,0,
0,0,0,1,1,0,0,0,
0,0,0,1,1,0,0,0,
0,1,1,1,1,0,0,0,
0,0,0,1,1,0,0,0,
0,0,0,1,1,0,0,0,
0,0,0,1,1,0,0,0,
0,0,0,1,1,0,0,0,
0,0,0,1,1,0,0,0,
0,0,0,1,1,0,0,0,
0,0,0,1,1,0,0,0,

Width:11,Height:13

Left:2,Right:7,Top:1,Bottom:12

Left:1,Right:9,Top:3,Bottom:11
0,1,1,1,1,0,0,0,
0,0,0,1,1,0,0,0,
0,0,0,1,1,0,0,0,
0,0,0,1,1,0,0,0,
0,0,0,1,1,0,0,0,
0,0,0,1,1,0,0,0,
0,0,0,1,1,0,0,0,
0,0,0,1,1,0,0,0,
0,1,1,1,1,0,0,0,
0,0,0,1,1,0,0,0,
0,0,0,1,1,0,0,0,
0,0,0,1,1,0,0,0,
0,0,0,1,1,0,0,0,
0,0,0,1,1,0,0,0,
0,0,0,1,1,0,0,0,
0,0,0,1,1,0,0,0,

Width:12,Height:22

Left:2,Right:7,Top:4,Bottom:15

Left:1,Right:9,Top:6,Bottom:14
0,1,1,1,1,0,0,0,
0,0,0,1,1,0,0,0,
0,0,0,1,1,0,0,0,
0,0,0,1,1,0,0,0,
0,0,0,1,1,0,0,0,
0,0,0,1,1,0,0,0,
0,0,0,1,1,0,0,0,
0,0,0,1,1,0,0,0,
0,1,1,1,1,0,0,0,
0,0,0,1,1,0,0,0,
0,0,0,1,1,0,0,0,
0,0,0,1,1,0,0,0,
0,0,0,1,1,0,0,0,
0,0,0,1,1,0,0,0,
0,0,0,1,1,0,0,0,
0,0,0,1,1,0,0,0,

Width:12,Height:22

Left:2,Right:11,Top:4,Bottom:15

Left:2,Right:10,Top:6,Bottom:14
1,1,1,1,0,0,0,0,
0,0,1,1,0,0,0,0,
0,0,1,1,0,0,0,0,
0,0,1,1,0,0,0,0,
0,0,1,1,0,0,0,0,
0,0,1,1,0,0,0,0,
0,0,1,1,0,0,0,0,
0,0,1,1,0,0,0,0,
1,1,1,1,0,0,0,0,
0,0,1,1,0,0,0,0,
0,0,1,1,0,0,0,0,
0,0,1,1,0,0,0,0,
0,0,1,1,0,0,0,0,
0,0,1,1,0,0,0,0,
0,0,1,1,0,0,0,0,
0,0,1,1,0,0,0,0,

Width:11,Height:21

Left:2,Right:7,Top:2,Bottom:13

Left:1,Right:9,Top:4,Bottom:12
0,1,1,1,1,0,0,0,
0,0,0,1,1,0,0,0,
0,0,0,1,1,0,0,0,
0,0,0,1,1,0,0,0,
0,0,0,1,1,0,0,0,
0,0,0,1,1,0,0,0,
0,0,0,1,1,0,0,0,
0,0,0,1,1,0,0,0,
0,1,1,1,1,0,0,0,
0,0,0,1,1,0,0,0,
0,0,0,1,1,0,0,0,
0,0,0,1,1,0,0,0,
0,0,0,1,1,0,0,0,
0,0,0,1,1,0,0,0,
0,0,0,1,1,0,0,0,
0,0,0,1,1,0,0,0,

Width:12,Height:22

Left:2,Right:7,Top:4,Bottom:15

Left:1,Right:9,Top:6,Bottom:14
0,1,1,1,1,0,0,0,
0,0,0,1,1,0,0,0,
0,0,0,1,1,0,0,0,
0,0,0,1,1,0,0,0,
0,0,0,1,1,0,0,0,
0,0,0,1,1,0,0,0,
0,0,0,1,1,0,0,0,
0,0,0,1,1,0,0,0,
0,1,1,1,1,0,0,0,
0,0,0,1,1,0,0,0,
0,0,0,1,1,0,0,0,
0,0,0,1,1,0,0,0,
0,0,0,1,1,0,0,0,
0,0,0,1,1,0,0,0,
0,0,0,1,1,0,0,0,
0,0,0,1,1,0,0,0,

Width:12,Height:25

Left:2,Right:7,Top:6,Bottom:17

Left:1,Right:9,Top:8,Bottom:16
0,1,1,1,1,0,0,0,
0,0,0,1,1,0,0,0,
0,0,0,1,1,0,0,0,
0,0,0,1,1,0,0,0,
0,0,0,1,1,0,0,0,
0,0,0,1,1,0,0,0,
0,0,0,1,1,0,0,0,
0,0,0,1,1,0,0,0,
0,1,1,1,1,0,0,0,
0,0,0,1,1,0,0,0,
0,0,0,1,1,0,0,0,
0,0,0,1,1,0,0,0,
0,0,0,1,1,0,0,0,
0,0,0,1,1,0,0,0,
0,0,0,1,1,0,0,0,
0,0,0,1,1,0,0,0,

Width:12,Height:25

Left:2,Right:7,Top:6,Bottom:17

Left:1,Right:9,Top:8,Bottom:16
0,1,1,1,1,0,0,0,
0,0,0,1,1,0,0,0,
0,0,0,1,1,0,0,0,
0,0,0,1,1,0,0,0,
0,0,0,1,1,0,0,0,
0,0,0,1,1,0,0,0,
0,0,0,1,1,0,0,0,
0,0,0,1,1,0,0,0,
0,1,1,1,1,0,0,0,
0,0,0,1,1,0,0,0,
0,0,0,1,1,0,0,0,
0,0,0,1,1,0,0,0,
0,0,0,1,1,0,0,0,
0,0,0,1,1,0,0,0,
0,0,0,1,1,0,0,0,
0,0,0,1,1,0,0,0,

Width:12,Height:25

Left:2,Right:11,Top:6,Bottom:17

Left:2,Right:10,Top:8,Bottom:16
1,1,1,1,0,0,0,0,
0,0,1,1,0,0,0,0,
0,0,1,1,0,0,0,0,
0,0,1,1,0,0,0,0,
0,0,1,1,0,0,0,0,
0,0,1,1,0,0,0,0,
0,0,1,1,0,0,0,0,
0,0,1,1,0,0,0,0,
1,1,1,1,0,0,0,0,
0,0,1,1,0,0,0,0,
0,0,1,1,0,0,0,0,
0,0,1,1,0,0,0,0,
0,0,1,1,0,0,0,0,
0,0,1,1,0,0,0,0,
0,0,1,1,0,0,0,0,
0,0,1,1,0,0,0,0,

Width:12,Height:25

Left:2,Right:7,Top:6,Bottom:17

Left:1,Right:9,Top:8,Bottom:16
0,1,1,1,1,0,0,0,
0,0,0,1,1,0,0,0,
0,0,0,1,1,0,0,0,
0,0,0,1,1,0,0,0,
0,0,0,1,1,0,0,0,
0,0,0,1,1,0,0,0,
0,0,0,1,1,0,0,0,
0,0,0,1,1,0,0,0,
0,1,1,1,1,0,0,0,
0,0,0,1,1,0,0,0,
0,0,0,1,1,0,0,0,
0,0,0,1,1,0,0,0,
0,0,0,1,1,0,0,0,
0,0,0,1,1,0,0,0,
0,0,0,1,1,0,0,0,
0,0,0,1,1,0,0,0,

Width:11,Height:21

Left:0,Right:8,Top:1,Bottom:21

Left:0,Right:8,Top:2,Bottom:18
0,0,1,0,0,1,1,0,
0,0,1,0,1,1,1,0,
0,0,1,1,1,1,1,0,
0,0,1,0,0,1,1,0,
0,0,0,0,0,1,1,0,
0,0,0,0,0,1,1,0,
0,0,0,0,0,1,1,0,
0,0,0,0,0,1,1,0,
0,0,0,0,0,1,1,0,
0,0,1,0,0,1,1,0,
0,0,1,0,0,1,1,0,
0,0,1,1,1,1,1,1,
0,0,1,0,0,0,0,0,
0,0,1,0,0,0,0,0,
0,0,1,0,0,0,0,0,
0,0,1,0,0,0,0,0,
0,0,2,0,1,2,2,0,
0,0,2,1,1,2,2,0,
0,0,0,0,0,2,2,0,
0,0,0,0,0,2,2,0,
0,0,1,0,0,2,2,0,
0,0,2,1,1,2,2,1,
0,0,2,0,0,0,0,0,
0,0,2,0,0,0,0,0,

Width:11,Height:21

Left:2,Right:7,Top:2,Bottom:13

Left:1,Right:9,Top:4,Bottom:12
0,1,1,1,1,0,0,0,
0,0,0,1,1,0,0,0,
0,0,0,1,1,0,0,0,
0,0,0,1,1,0,0,0,
0,0,0,1,1,0,0,0,
0,0,0,1,1,0,0,0,
0,0,0,1,1,0,0,0,
0,0,0,1,1,0,0,0,
0,1,1,1,1,0,0,0,
0,0,0,1,1,0,0,0,
0,0,0,1,1,0,0,0,
0,0,0,1,1,0,0,0,
0,0,0,1,1,0,0,0,
0,0,0,1,1,0,0,0,
0,0,0,1,1,0,0,0,
0,0,0,1,1,0,0,0,

Width:11,Height:21

Left:2,Right:7,Top:2,Bottom:13

Left:1,Right:9,Top:4,Bottom:12
0,1,1,1,1,0,0,0,
0,0,0,1,1,0,0,0,
0,0,0,1,1,0,0,0,
0,0,0,1,1,0,0,0,
0,0,0,1,1,0,0,0,
0,0,0,1,1,0,0,0,
0,0,0,1,1,0,0,0,
0,0,0,1,1,0,0,0,
0,1,1,1,1,0,0,0,
0,0,0,1,1,0,0,0,
0,0,0,1,1,0,0,0,
0,0,0,1,1,0,0,0,
0,0,0,1,1,0,0,0,
0,0,0,1,1,0,0,0,
0,0,0,1,1,0,0,0,
0,0,0,1,1,0,0,0,

Width:11,Height:21

Left:2,Right:7,Top:2,Bottom:13

Left:1,Right:9,Top:4,Bottom:12
0,1,1,1,1,0,0,0,
0,0,0,1,1,0,0,0,
0,0,0,1,1,0,0,0,
0,0,0,1,1,0,0,0,
0,0,0,1,1,0,0,0,
0,0,0,1,1,0,0,0,
0,0,0,1,1,0,0,0,
0,0,0,1,1,0,0,0,
0,1,1,1,1,0,0,0,
0,0,0,1,1,0,0,0,
0,0,0,1,1,0,0,0,
0,0,0,1,1,0,0,0,
0,0,0,1,1,0,0,0,
0,0,0,1,1,0,0,0,
0,0,0,1,1,0,0,0,
0,0,0,1,1,0,0,0,

Width:11,Height:17

Left:2,Right:7,Top:5,Bottom:16

Left:1,Right:9,Top:6,Bottom:14
0,0,1,1,1,0,0,0,
0,1,1,1,1,0,0,0,
0,0,0,1,1,0,0,0,
0,0,0,1,1,0,0,0,
0,0,0,1,1,0,0,0,
0,0,0,1,1,0,0,0,
0,0,0,1,1,0,0,0,
0,0,0,1,1,0,0,0,
0,0,1,1,1,0,0,0,
0,1,1,1,1,0,0,0,
0,0,0,1,1,0,0,0,
0,0,0,1,1,0,0,0,
0,0,0,1,1,0,0,0,
0,0,0,1,1,0,0,0,
0,0,0,1,1,0,0,0,
0,0,0,1,1,0,0,0,

Width:11,Height:17

Left:2,Right:7,Top:5,Bottom:16

Left:1,Right:9,Top:6,Bottom:14
0,0,1,1,1,0,0,0,
0,1,1,1,1,0,0,0,
0,0,0,1,1,0,0,0,
0,0,0,1,1,0,0,0,
0,0,0,1,1,0,0,0,
0,0,0,1,1,0,0,0,
0,0,0,1,1,0,0,0,
0,0,0,1,1,0,0,0,
0,0,1,1,1,0,0,0,
0,1,1,1,1,0,0,0,
0,0,0,1,1,0,0,0,
0,0,0,1,1,0,0,0,
0,0,0,1,1,0,0,0,
0,0,0,1,1,0,0,0,
0,0,0,1,1,0,0,0,
0,0,0,1,1,0,0,0,

Width:11,Height:13

Left:2,Right:7,Top:1,Bottom:12

Left:1,Right:9,Top:3,Bottom:11
0,1,1,1,1,0,0,0,
0,0,0,1,1,0,0,0,
0,0,0,1,1,0,0,0,
0,0,0,1,1,0,0,0,
0,0,0,1,1,0,0,0,
0,0,0,1,1,0,0,0,
0,0,0,1,1,0,0,0,
0,0,0,1,1,0,0,0,
0,1,1,1,1,0,0,0,
0,0,0,1,1,0,0,0,
0,0,0,1,1,0,0,0,
0,0,0,1,1,0,0,0,
0,0,0,1,1,0,0,0,
0,0,0,1,1,0,0,0,
0,0,0,1,1,0,0,0,
0,0,0,1,1,0,0,0,

Width:11,Height:13

Left:2,Right:7,Top:1,Bottom:12

Left:1,Right:9,Top:3,Bottom:11
0,1,1,1,1,0,0,0,
0,0,0,1,1,0,0,0,
0,0,0,1,1,0,0,0,
0,0,0,1,1,0,0,0,
0,0,0,1,1,0,0,0,
0,0,0,1,1,0,0,0,
0,0,0,1,1,0,0,0,
0,0,0,1,1,0,0,0,
0,1,1,1,1,0,0,0,
0,0,0,1,1,0,0,0,
0,0,0,1,1,0,0,0,
0,0,0,1,1,0,0,0,
0,0,0,1,1,0,0,0,
0,0,0,1,1,0,0,0,
0,0,0,1,1,0,0,0,
0,0,0,1,1,0,0,0,

Width:11,Height:21

Left:2,Right:7,Top:2,Bottom:13

Left:1,Right:9,Top:4,Bottom:12
0,1,1,1,1,0,0,0,
0,0,0,1,1,0,0,0,
0,0,0,1,1,0,0,0,
0,0,0,1,1,0,0,0,
0,0,0,1,1,0,0,0,
0,0,0,1,1,0,0,0,
0,0,0,1,1,0,0,0,
0,0,0,1,1,0,0,0,
0,1,1,1,1,0,0,0,
0,0,0,1,1,0,0,0,
0,0,0,1,1,0,0,0,
0,0,0,1,1,0,0,0,
0,0,0,1,1,0,0,0,
0,0,0,1,1,0,0,0,
0,0,0,1,1,0,0,0,
0,0,0,1,1,0,0,0,

Width:12,Height:25

Left:0,Right:9,Top:1,Bottom:25

Left:1,Right:9,Top:1,Bottom:25
1,1,1,0,0,0,0,0,
0,1,1,0,0,0,0,0,
0,1,1,0,0,0,0,0,
0,1,1,0,0,0,0,0,
1,1,1,0,0,0,0,0,
0,1,1,0,0,1,1,0,
0,1,0,0,1,1,1,0,
0,1,0,1,1,1,1,0,
0,1,0,0,0,1,1,0,
0,1,0,0,0,1,1,0,
0,1,0,0,0,1,1,0,
0,1,0,0,0,1,1,0,
0,1,0,0,0,1,1,0,
0,1,0,0,0,1,1,0,
0,1,1,0,0,1,1,0,
0,1,0,0,0,1,1,0,
0,1,0,1,1,1,1,1,
0,1,0,0,0,0,0,0,
0,1,0,0,0,0,0,0,
0,1,1,0,0,0,0,0,
0,1,0,0,0,0,0,0,
0,1,0,0,0,0,0,0,
1,1,0,0,0,0,0,0,
1,1,1,0,0,0,0,0,
1,3,3,0,0,0,0,0,
1,3,3,0,0,1,1,0,
0,3,0,1,2,3,3,0,
0,3,0,0,0,3,3,0,
0,3,1,0,0,3,3,0,
0,3,0,1,1,2,2,1,
0,3,1,0,0,0,0,0,
2,3,1,0,0,0,0,0,

Width:12,Height:25

Left:2,Right:7,Top:6,Bottom:17

Left:1,Right:9,Top:8,Bottom:16
0,1,1,1,1,0,0,0,
0,0,0,1,1,0,0,0,
0,0,0,1,1,0,0,0,
0,0,0,1,1,0,0,0,
0,0,0,1,1,0,0,0,
0,0,0,1,1,0,0,0,
0,0,0,1,1,0,0,0,
0,0,0,1,1,0,0,0,
0,1,1,1,1,0,0,0,
0,0,0,1,1,0,0,0,
0,0,0,1,1,0,0,0,
0,0,0,1,1,0,0,0,
0,0,0,1,1,0,0,0,
0,0,0,1,1,0,0,0,
0,0,0,1,1,0,0,0,
0,0,0,1,1,0,0,0,

Width:11,Height:17

Left:0,Right:8,Top:1,Bottom:17

Left:0,Right:8,Top:1,Bottom:17
1,1,1,0,0,0,0,0,
1,1,1,0,0,0,0,0,
1,1,1,0,0,0,0,0,
1,1,1,0,0,1,1,0,
1,1,1,0,1,1,1,0,
1,1,1,1,1,1,1,0,
1,1,0,0,0,1,1,0,
1,1,0,0,0,1,1,0,
1,1,0,0,0,1,1,0,
1,1,0,0,0,1,1,0,
1,1,0,0,0,1,1,0,
1,1,0,0,0,1,1,0,
1,1,0,0,0,1,1,0,
1,1,0,0,0,1,1,0,
1,1,0,1,1,1,1,1,
1,1,0,0,0,0,0,0,
2,2,2,0,0,0,0,0,
2,2,2,0,0,1,1,0,
2,2,2,1,2,2,2,0,
2,2,0,0,0,2,2,0,
2,2,0,0,0,2,2,0,
2,2,0,0,0,2,2,0,
2,2,0,0,0,2,2,0,
2,2,0,1,1,1,1,1,

Width:11,Height:17

Left:2,Right:7,Top:5,Bottom:16

Left:1,Right:9,Top:6,Bottom:14
0,0,1,1,1,0,0,0,
0,1,1,1,1,0,0,0,
0,0,0,1,1,0,0,0,
0,0,0,1,1,0,0,0,
0,0,0,1,1,0,0,0,
0,0,0,1,1,0,0,0,
0,0,0,1,1,0,0,0,
0,0,0,1,1,0,0,0,
0,0,1,1,1,0,0,0,
0,1,1,1,1,0,0,0,
0,0,0,1,1,0,0,0,
0,0,0,1,1,0,0,0,
0,0,0,1,1,0,0,0,
0,0,0,1,1,0,0,0,
0,0,0,1,1,0,0,0,
0,0,0,1,1,0,0,0,

Width:11,Height:13

Left:0,Right:8,Top:1,Bottom:12

Left:0,Right:8,Top:3,Bottom:11
0,0,0,1,1,1,1,0,
0,0,0,0,0,1,1,0,
0,0,0,0,0,1,1,0,
0,0,0,0,0,1,1,0,
0,0,0,0,0,1,1,0,
0,0,0,0,0,1,1,0,
0,1,0,0,0,1,1,0,
1,1,0,0,0,1,1,0,
0,0,0,1,1,1,1,0,
0,0,0,0,0,1,1,0,
0,0,0,0,0,1,1,0,
0,0,0,0,0,1,1,0,
0,0,0,0,0,1,1,0,
0,0,0,0,0,1,1,0,
0,1,0,0,0,1,1,0,
1,1,0,0,0,1,1,0,

Width:11,Height:13

Left:2,Right:7,Top:1,Bottom:12

Left:1,Right:9,Top:3,Bottom:11
0,1,1,1,1,0,0,0,
0,0,0,1,1,0,0,0,
0,0,0,1,1,0,0,0,
0,0,0,1,1,0,0,0,
0,0,0,1,1,0,0,0,
0,0,0,1,1,0,0,0,
0,0,0,1,1,0,0,0,
0,0,0,1,1,0,0,0,
0,1,1,1,1,0,0,0,
0,0,0,1,1,0,0,0,
0,0,0,1,1,0,0,0,
0,0,0,1,1,0,0,0,
0,0,0,1,1,0,0,0,
0,0,0,1,1,0,0,0,
0,0,0,1,1,0,0,0,
0,0,0,1,1,0,0,0,

Width:10,Height:13

Left:2,Right:7,Top:1,Bottom:12

Left:1,Right:9,Top:3,Bottom:11
0,1,1,1,1,0,0,0,
0,0,0,1,1,0,0,0,
0,0,0,1,1,0,0,0,
0,0,0,1,1,0,0,0,
0,0,0,1,1,0,0,0,
0,0,0,1,1,0,0,0,
0,0,0,1,1,0,0,0,
0,0,0,1,1,0,0,0,
0,1,1,1,1,0,0,0,
0,0,0,1,1,0,0,0,
0,0,0,1,1,0,0,0,
0,0,0,1,1,0,0,0,
0,0,0,1,1,0,0,0,
0,0,0,1,1,0,0,0,
0,0,0,1,1,0,0,0,
0,0,0,1,1,0,0,0,

Width:10,Height:13

Left:2,Right:7,Top:1,Bottom:12

Left:1,Right:9,Top:3,Bottom:11
0,1,1,1,1,0,0,0,
0,0,0,1,1,0,0,0,
0,0,0,1,1,0,0,0,
0,0,0,1,1,0,0,0,
0,0,0,1,1,0,0,0,
0,0,0,1,1,0,0,0,
0,0,0,1,1,0,0,0,
0,0,0,1,1,0,0,0,
0,1,1,1,1,0,0,0,
0,0,0,1,1,0,0,0,
0,0,0,1,1,0,0,0,
0,0,0,1,1,0,0,0,
0,0,0,1,1,0,0,0,
0,0,0,1,1,0,0,0,
0,0,0,1,1,0,0,0,
0,0,0,1,1,0,0,0,

Width:10,Height:13

Left:2,Right:7,Top:1,Bottom:12

Left:1,Right:9,Top:3,Bottom:11
0,1,1,1,1,0,0,0,
0,0,0,1,1,0,0,0,
0,0,0,1,1,0,0,0,
0,0,0,1,1,0,0,0,
0,0,0,1,1,0,0,0,
0,0,0,1,1,0,0,0,
0,0,0,1,1,0,0,0,
0,0,0,1,1,0,0,0,
0,1,1,1,1,0,0,0,
0,0,0,1,1,0,0,0,
0,0,0,1,1,0,0,0,
0,0,0,1,1,0,0,0,
0,0,0,1,1,0,0,0,
0,0,0,1,1,0,0,0,
0,0,0,1,1,0,0,0,
0,0,0,1,1,0,0,0,

Width:10,Height:13

Left:2,Right:7,Top:1,Bottom:12

Left:1,Right:9,Top:3,Bottom:11
0,1,1,1,1,0,0,0,
0,0,0,1,1,0,0,0,
0,0,0,1,1,0,0,0,
0,0,0,1,1,0,0,0,
0,0,0,1,1,0,0,0,
0,0,0,1,1,0,0,0,
0,0,0,1,1,0,0,0,
0,0,0,1,1,0,0,0,
0,1,1,1,1,0,0,0,
0,0,0,1,1,0,0,0,
0,0,0,1,1,0,0,0,
0,0,0,1,1,0,0,0,
0,0,0,1,1,0,0,0,
0,0,0,1,1,0,0,0,
0,0,0,1,1,0,0,0,
0,0,0,1,1,0,0,0,

Width:10,Height:13

Left:2,Right:7,Top:1,Bottom:12

Left:1,Right:9,Top:3,Bottom:11
0,1,1,1,1,0,0,0,
0,0,0,1,1,0,0,0,
0,0,0,1,1,0,0,0,
0,0,0,1,1,0,0,0,
0,0,0,1,1,0,0,0,
0,0,0,1,1,0,0,0,
0,0,0,1,1,0,0,0,
0,0,0,1,1,0,0,0,
0,1,1,1,1,0,0,0,
0,0,0,1,1,0,0,0,
0,0,0,1,1,0,0,0,
0,0,0,1,1,0,0,0,
0,0,0,1,1,0,0,0,
0,0,0,1,1,0,0,0,
0,0,0,1,1,0,0,0,
0,0,0,1,1,0,0,0,

Width:10,Height:13

Left:2,Right:7,Top:1,Bottom:12

Left:1,Right:9,Top:3,Bottom:11
0,1,1,1,1,0,0,0,
0,0,0,1,1,0,0,0,
0,0,0,1,1,0,0,0,
0,0,0,1,1,0,0,0,
0,0,0,1,1,0,0,0,
0,0,0,1,1,0,0,0,
0,0,0,1,1,0,0,0,
0,0,0,1,1,0,0,0,
0,1,1,1,1,0,0,0,
0,0,0,1,1,0,0,0,
0,0,0,1,1,0,0,0,
0,0,0,1,1,0,0,0,
0,0,0,1,1,0,0,0,
0,0,0,1,1,0,0,0,
0,0,0,1,1,0,0,0,
0,0,0,1,1,0,0,0,

Width:12,Height:21

Left:0,Right:9,Top:1,Bottom:21

Left:1,Right:9,Top:2,Bottom:18
0,1,0,0,0,0,0,0,
0,1,1,0,0,0,0,0,
0,1,0,0,0,1,1,0,
0,1,0,0,1,1,1,0,
0,1,1,1,1,1,1,0,
0,1,0,0,0,1,1,0,
0,1,0,0,0,1,1,0,
0,1,1,0,0,1,1,0,
0,1,0,0,0,1,1,0,
0,1,0,0,0,1,1,0,
0,1,0,0,0,1,1,0,
0,1,0,0,0,1,1,0,
0,1,0,0,0,1,1,0,
0,1,1,1,1,1,1,1,
0,1,0,0,0,0,0,0,
0,1,0,0,0,0,0,0,
0,2,1,0,0,0,0,0,
0,2,0,0,1,2,2,0,
0,2,1,1,1,2,2,0,
0,2,1,0,0,2,2,0,
0,2,0,0,0,2,2,0,
0,2,0,0,0,2,2,0,
0,2,1,1,1,2,2,1,
0,2,0,0,0,0,0,0,

Width:12,Height:21

Left:2,Right:7,Top:4,Bottom:15

Left:1,Right:9,Top:6,Bottom:14
0,1,1,1,1,0,0,0,
0,0,0,1,1,0,0,0,
0,0,0,1,1,0,0,0,
0,0,0,1,1,0,0,0,
0,0,0,1,1,0,0,0,
0,0,0,1,1,0,0,0,
0,0,0,1,1,0,0,0,
0,0,0,1,1,0,0,0,
0,1,1,1,1,0,0,0,
0,0,0,1,1,0,0,0,
0,0,0,1,1,0,0,0,
0,0,0,1,1,0,0,0,
0,0,0,1,1,0,0,0,
0,0,0,1,1,0,0,0,
0,0,0,1,1,0,0,0,
0,0,0,1,1,0,0,0,

Width:12,Height:21

Left:2,Right:7,Top:4,Bottom:15

Left:1,Right:9,Top:6,Bottom:14
0,1,1,1,1,0,0,0,
0,0,0,1,1,0,0,0,
0,0,0,1,1,0,0,0,
0,0,0,1,1,0,0,0,
0,0,0,1,1,0,0,0,
0,0,0,1,1,0,0,0,
0,0,0,1,1,0,0,0,
0,0,0,1,1,0,0,0,
0,1,1,1,1,0,0,0,
0,0,0,1,1,0,0,0,
0,0,0,1,1,0,0,0,
0,0,0,1,1,0,0,0,
0,0,0,1,1,0,0,0,
0,0,0,1,1,0,0,0,
0,0,0,1,1,0,0,0,
0,0,0,1,1,0,0,0,

Width:11,Height:13

Left:2,Right:7,Top:1,Bottom:12

Left:1,Right:9,Top:3,Bottom:11
0,1,1,1,1,0,0,0,
0,0,0,1,1,0,0,0,
0,0,0,1,1,0,0,0,
0,0,0,1,1,0,0,0,
0,0,0,1,1,0,0,0,
0,0,0,1,1,0,0,0,
0,0,0,1,1,0,0,0,
0,0,0,1,1,0,0,0,
0,1,1,1,1,0,0,0,
0,0,0,1,1,0,0,0,
0,0,0,1,1,0,0,0,
0,0,0,1,1,0,0,0,
0,0,0,1,1,0,0,0,
0,0,0,1,1,0,0,0,
0,0,0,1,1,0,0,0,
0,0,0,1,1,0,0,0,

Width:11,Height:21

Left:0,Right:8,Top:1,Bottom:21

Left:0,Right:8,Top:2,Bottom:18
0,0,1,0,0,1,1,0,
0,0,1,0,1,1,1,0,
0,0,1,1,1,1,1,0,
0,0,1,0,0,1,1,0,
0,0,1,0,0,1,1,0,
0,0,1,0,0,1,1,0,
0,0,1,0,0,1,1,0,
0,0,1,0,0,1,1,0,
0,0,1,0,0,1,1,0,
0,0,1,0,0,1,1,0,
0,0,1,0,0,1,1,0,
0,0,1,1,1,1,1,1,
0,0,1,0,0,0,0,0,
0,0,1,0,0,0,0,0,
0,0,1,0,0,0,0,0,
0,0,1,0,0,0,0,0,
0,0,2,0,1,2,2,0,
0,0,2,1,1,2,2,0,
0,0,2,0,0,2,2,0,
0,0,2,0,0,2,2,0,
0,0,2,0,0,2,2,0,
0,0,2,1,1,2,2,1,
0,0,2,0,0,0,0,0,
0,0,2,0,0,0,0,0,

Width:11,Height:21

Left:2,Right:7,Top:2,Bottom:13

Left:1,Right:9,Top:4,Bottom:12
0,1,1,1,1,0,0,0,
0,0,0,1,1,0,0,0,
0,0,0,1,1,0,0,0,
0,0,0,1,1,0,0,0,
0,0,0,1,1,0,0,0,
0,0,0,1,1,0,0,0,
0,0,0,1,1,0,0,0,
0,0,0,1,1,0,0,0,
0,1,1,1,1,0,0,0,
0,0,0,1,1,0,0,0,
0,0,0,1,1,0,0,0,
0,0,0,1,1,0,0,0,
0,0,0,1,1,0,0,0,
0,0,0,1,1,0,0,0,
0,0,0,1,1,0,0,0,
0,0,0,1,1,0,0,0,

Width:11,Height:21

Left:2,Right:7,Top:2,Bottom:13

Left:1,Right:9,Top:4,Bottom:12
0,1,1,1,1,0,0,0,
0,0,0,1,1,0,0,0,
0,0,0,1,1,0,0,0,
0,0,0,1,1,0,0,0,
0,0,0,1,1,0,0,0,
0,0,0,1,1,0,0,0,
0,0,0,1,1,0,0,0,
0,0,0,1,1,0,0,0,
0,1,1,1,1,0,0,0,
0,0,0,1,1,0,0,0,
0,0,0,1,1,0,0,0,
0,0,0,1,1,0,0,0,
0,0,0,1,1,0,0,0,
0,0,0,1,1,0,0,0,
0,0,0,1,1,0,0,0,
0,0,0,1,1,0,0,0,

Width:11,Height:21

Left:2,Right:7,Top:2,Bottom:13

Left:1,Right:9,Top:4,Bottom:12
0,1,1,1,1,0,0,0,
0,0,0,1,1,0,0,0,
0,0,0,1,1,0,0,0,
0,0,0,1,1,0,0,0,
0,0,0,1,1,0,0,0,
0,0,0,1,1,0,0,0,
0,0,0,1,1,0,0,0,
0,0,0,1,1,0,0,0,
0,1,1,1,1,0,0,0,
0,0,0,1,1,0,0,0,
0,0,0,1,1,0,0,0,
0,0,0,1,1,0,0,0,
0,0,0,1,1,0,0,0,
0,0,0,1,1,0,0,0,
0,0,0,1,1,0,0,0,
0,0,0,1,1,0,0,0,

Width:11,Height:19

Left:2,Right:7,Top:7,Bottom:18

Left:1,Right:9,Top:8,Bottom:16
0,0,1,1,1,0,0,0,
0,1,1,1,1,0,0,0,
0,0,0,1,1,0,0,0,
0,0,0,1,1,0,0,0,
0,0,0,1,1,0,0,0,
0,0,0,1,1,0,0,0,
0,0,0,1,1,0,0,0,
0,0,0,1,1,0,0,0,
0,0,1,1,1,0,0,0,
0,1,1,1,1,0,0,0,
0,0,0,1,1,0,0,0,
0,0,0,1,1,0,0,0,
0,0,0,1,1,0,0,0,
0,0,0,1,1,0,0,0,
0,0,0,1,1,0,0,0,
0,0,0,1,1,0,0,0,

Width:11,Height:19

Left:2,Right:7,Top:7,Bottom:18

Left:1,Right:9,Top:8,Bottom:16
0,0,1,1,1,0,0,0,
0,1,1,1,1,0,0,0,
0,0,0,1,1,0,0,0,
0,0,0,1,1,0,0,0,
0,0,0,1,1,0,0,0,
0,0,0,1,1,0,0,0,
0,0,0,1,1,0,0,0,
0,0,0,1,1,0,0,0,
0,0,1,1,1,0,0,0,
0,1,1,1,1,0,0,0,
0,0,0,1,1,0,0,0,
0,0,0,1,1,0,0,0,
0,0,0,1,1,0,0,0,
0,0,0,1,1,0,0,0,
0,0,0,1,1,0,0,0,
0,0,0,1,1,0,0,0,

Width:11,Height:18

Left:2,Right:7,Top:1,Bottom:12

Left:1,Right:9,Top:3,Bottom:11
0,1,1,1,1,0,0,0,
0,0,0,1,1,0,0,0,
0,0,0,1,1,0,0,0,
0,0,0,1,1,0,0,0,
0,0,0,1,1,0,0,0,
0,0,0,1,1,0,0,0,
0,0,0,1,1,0,0,0,
0,0,0,1,1,0,0,0,
0,1,1,1,1,0,0,0,
0,0,0,1,1,0,0,0,
0,0,0,1,1,0,0,0,
0,0,0,1,1,0,0,0,
0,0,0,1,1,0,0,0,
0,0,0,1,1,0,0,0,
0,0,0,1,1,0,0,0,
0,0,0,1,1,0,0,0,

Width:12,Height:25

Left:2,Right:11,Top:6,Bottom:17

Left:2,Right:10,Top:8,Bottom:16
1,1,1,1,0,0,0,0,
0,0,1,1,0,0,0,0,
0,0,1,1,0,0,0,0,
0,0,1,1,0,0,0,0,
0,0,1,1,0,0,0,0,
0,0,1,1,0,0,0,0,
0,0,1,1,0,0,0,0,
0,0,1,1,0,0,0,0,
1,1,1,1,0,0,0,0,
0,0,1,1,0,0,0,0,
0,0,1,1,0,0,0,0,
0,0,1,1,0,0,0,0,
0,0,1,1,0,0,0,0,
0,0,1,1,0,0,0,0,
0,0,1,1,0,0,0,0,
0,0,1,1,0,0,0,0,

Width:11,Height:19

Left:2,Right:7,Top:7,Bottom:18

Left:1,Right:9,Top:8,Bottom:16
0,0,1,1,1,0,0,0,
0,1,1,1,1,0,0,0,
0,0,0,1,1,0,0,0,
0,0,0,1,1,0,0,0,
0,0,0,1,1,0,0,0,
0,0,0,1,1,0,0,0,
0,0,0,1,1,0,0,0,
0,0,0,1,1,0,0,0,
0,0,1,1,1,0,0,0,
0,1,1,1,1,0,0,0,
0,0,0,1,1,0,0,0,
0,0,0,1,1,0,0,0,
0,0,0,1,1,0,0,0,
0,0,0,1,1,0,0,0,
0,0,0,1,1,0,0,0,
0,0,0,1,1,0,0,0,

Width:11,Height:18

Left:0,Right:8,Top:1,Bottom:18

Left:0,Right:8,Top:1,Bottom:17
1,1,0,0,0,1,1,0,
1,1,0,0,1,1,1,0,
1,1,0,1,1,1,1,0,
1,1,0,0,0,1,1,0,
1,1,0,0,0,1,1,0,
1,1,0,0,0,1,1,0,
1,1,0,0,0,1,1,0,
1,1,0,0,0,1,1,0,
1,1,0,0,0,1,1,0,
1,1,0,0,0,1,1,0,
1,1,0,0,0,1,1,0,
1,1,1,1,1,1,1,1,
1,1,1,0,0,0,0,0,
1,1,1,0,0,0,0,0,
0,0,1,0,0,0,0,0,
0,1,1,0,0,0,0,0,
2,2,0,0,1,2,2,0,
2,2,0,1,1,2,2,0,
2,2,0,0,0,2,2,0,
2,2,0,0,0,2,2,0,
2,2,0,0,0,2,2,0,
2,2,1,1,1,2,2,1,
2,2,2,0,0,0,0,0,
0,1,2,0,0,0,0,0,

Width:10,Height:14

Left:2,Right:7,Top:2,Bottom:13

Left:1,Right:9,Top:3,Bottom:11
0,0,1,1,1,0,0,0,
0,1,1,1,1,0,0,0,
0,0,0,1,1,0,0,0,
0,0,0,1,1,0,0,0,
0,0,0,1,1,0,0,0,
0,0,0,1,1,0,0,0,
0,0,0,1,1,0,0,0,
0,0,0,1,1,0,0,0,
0,0,1,1,1,0,0,0,
0,1,1,1,1,0,0,0,
0,0,0,1,1,0,0,0,
0,0,0,1,1,0,0,0,
0,0,0,1,1,0,0,0,
0,0,0,1,1,0,0,0,
0,0,0,1,1,0,0,0,
0,0,0,1,1,0,0,0,

Width:10,Height:14

Left:2,Right:7,Top:2,Bottom:13

Left:1,Right:9,Top:3,Bottom:11
0,0,1,1,1,0,0,0,
0,1,1,1,1,0,0,0,
0,0,0,1,1,0,0,0,
0,0,0,1,1,0,0,0,
0,0,0,1,1,0,0,0,
0,0,0,1,1,0,0,0,
0,0,0,1,1,0,0,0,
0,0,0,1,1,0,0,0,
0,0,1,1,1,0,0,0,
0,1,1,1,1,0,0,0,
0,0,0,1,1,0,0,0,
0,0,0,1,1,0,0,0,
0,0,0,1,1,0,0,0,
0,0,0,1,1,0,0,0,
0,0,0,1,1,0,0,0,
0,0,0,1,1,0,0,0,

Width:10,Height:14

Left:2,Right:7,Top:2,Bottom:13

Left:1,Right:9,Top:3,Bottom:11
0,0,1,1,1,0,0,0,
0,1,1,1,1,0,0,0,
0,0,0,1,1,0,0,0,
0,0,0,1,1,0,0,0,
0,0,0,1,1,0,0,0,
0,0,0,1,1,0,0,0,
0,0,0,1,1,0,0,0,
0,0,0,1,1,0,0,0,
0,0,1,1,1,0,0,0,
0,1,1,1,1,0,0,0,
0,0,0,1,1,0,0,0,
0,0,0,1,1,0,0,0,
0,0,0,1,1,0,0,0,
0,0,0,1,1,0,0,0,
0,0,0,1,1,0,0,0,
0,0,0,1,1,0,0,0,

Width:10,Height:14

Left:2,Right:7,Top:2,Bottom:13

Left:1,Right:9,Top:3,Bottom:11
0,0,1,1,1,0,0,0,
0,1,1,1,1,0,0,0,
0,0,0,1,1,0,0,0,
0,0,0,1,1,0,0,0,
0,0,0,1,1,0,0,0,
0,0,0,1,1,0,0,0,
0,0,0,1,1,0,0,0,
0,0,0,1,1,0,0,0,
0,0,1,1,1,0,0,0,
0,1,1,1,1,0,0,0,
0,0,0,1,1,0,0,0,
0,0,0,1,1,0,0,0,
0,0,0,1,1,0,0,0,
0,0,0,1,1,0,0,0,
0,0,0,1,1,0,0,0,
0,0,0,1,1,0,0,0,

Width:10,Height:14

Left:2,Right:7,Top:2,Bottom:13

Left:1,Right:9,Top:3,Bottom:11
0,0,1,1,1,0,0,0,
0,1,1,1,1,0,0,0,
0,0,0,1,1,0,0,0,
0,0,0,1,1,0,0,0,
0,0,0,1,1,0,0,0,
0,0,0,1,1,0,0,0,
0,0,0,1,1,0,0,0,
0,0,0,1,1,0,0,0,
0,0,1,1,1,0,0,0,
0,1,1,1,1,0,0,0,
0,0,0,1,1,0,0,0,
0,0,0,1,1,0,0,0,
0,0,0,1,1,0,0,0,
0,0,0,1,1,0,0,0,
0,0,0,1,1,0,0,0,
0,0,0,1,1,0,0,0,

Width:10,Height:14

Left:2,Right:7,Top:2,Bottom:13

Left:1,Right:9,Top:3,Bottom:11
0,0,1,1,1,0,0,0,
0,1,1,1,1,0,0,0,
0,0,0,1,1,0,0,0,
0,0,0,1,1,0,0,0,
0,0,0,1,1,0,0,0,
0,0,0,1,1,0,0,0,
0,0,0,1,1,0,0,0,
0,0,0,1,1,0,0,0,
0,0,1,1,1,0,0,0,
0,1,1,1,1,0,0,0,
0,0,0,1,1,0,0,0,
0,0,0,1,1,0,0,0,
0,0,0,1,1,0,0,0,
0,0,0,1,1,0,0,0,
0,0,0,1,1,0,0,0,
0,0,0,1,1,0,0,0,

Width:11,Height:18

Left:2,Right:7,Top:1,Bottom:12

Left:1,Right:9,Top:3,Bottom:11
0,1,1,1,1,0,0,0,
0,0,0,1,1,0,0,0,
0,0,0,1,1,0,0,0,
0,0,0,1,1,0,0,0,
0,0,0,1,1,0,0,0,
0,0,0,1,1,0,0,0,
0,0,0,1,1,0,0,0,
0,0,0,1,1,0,0,0,
0,1,1,1,1,0,0,0,
0,0,0,1,1,0,0,0,
0,0,0,1,1,0,0,0,
0,0,0,1,1,0,0,0,
0,0,0,1,1,0,0,0,
0,0,0,1,1,0,0,0,
0,0,0,1,1,0,0,0,
0,0,0,1,1,0,0,0,

Width:11,Height:18

Left:2,Right:7,Top:6,Bottom:17

Left:1,Right:9,Top:7,Bottom:15
0,0,1,1,1,0,0,0,
0,1,1,1,1,0,0,0,
0,0,0,1,1,0,0,0,
0,0,0,1,1,0,0,0,
0,0,0,1,1,0,0,0,
0,0,0,1,1,0,0,0,
0,0,0,1,1,0,0,0,
0,0,0,1,1,0,0,0,
0,0,1,1,1,0,0,0,
0,1,1,1,1,0,0,0,
0,0,0,1,1,0,0,0,
0,0,0,1,1,0,0,0,
0,0,0,1,1,0,0,0,
0,0,0,1,1,0,0,0,
0,0,0,1,1,0,0,0,
0,0,0,1,1,0,0,0,

Width:11,Height:18

Left:2,Right:7,Top:6,Bottom:17

Left:1,Right:9,Top:7,Bottom:15
0,0,1,1,1,0,0,0,
0,1,1,1,1,0,0,0,
0,0,0,1,1,0,0,0,
0,0,0,1,1,0,0,0,
0,0,0,1,1,0,0,0,
0,0,0,1,1,0,0,0,
0,0,0,1,1,0,0,0,
0,0,0,1,1,0,0,0,
0,0,1,1,1,0,0,0,
0,1,1,1,1,0,0,0,
0,0,0,1,1,0,0,0,
0,0,0,1,1,0,0,0,
0,0,0,1,1,0,0,0,
0,0,0,1,1,0,0,0,
0,0,0,1,1,0,0,0,
0,0,0,1,1,0,0,0,

Width:11,Height:18

Left:2,Right:7,Top:6,Bottom:17

Left:1,Right:9,Top:7,Bottom:15
0,0,1,1,1,0,0,0,
0,1,1,1,1,0,0,0,
0,0,0,1,1,0,0,0,
0,0,0,1,1,0,0,0,
0,0,0,1,1,0,0,0,
0,0,0,1,1,0,0,0,
0,0,0,1,1,0,0,0,
0,0,0,1,1,0,0,0,
0,0,1,1,1,0,0,0,
0,1,1,1,1,0,0,0,
0,0,0,1,1,0,0,0,
0,0,0,1,1,0,0,0,
0,0,0,1,1,0,0,0,
0,0,0,1,1,0,0,0,
0,0,0,1,1,0,0,0,
0,0,0,1,1,0,0,0,

Width:11,Height:18

Left:2,Right:7,Top:1,Bottom:12

Left:1,Right:9,Top:3,Bottom:11
0,1,1,1,1,0,0,0,
0,0,0,1,1,0,0,0,
0,0,0,1,1,0,0,0,
0,0,0,1,1,0,0,0,
0,0,0,1,1,0,0,0,
0,0,0,1,1,0,0,0,
0,0,0,1,1,0,0,0,
0,0,0,1,1,0,0,0,
0,1,1,1,1,0,0,0,
0,0,0,1,1,0,0,0,
0,0,0,1,1,0,0,0,
0,0,0,1,1,0,0,0,
0,0,0,1,1,0,0,0,
0,0,0,1,1,0,0,0,
0,0,0,1,1,0,0,0,
0,0,0,1,1,0,0,0,

Width:11,Height:18

Left:2,Right:7,Top:1,Bottom:12

Left:1,Right:9,Top:3,Bottom:11
0,1,1,1,1,0,0,0,
0,0,0,1,1,0,0,0,
0,0,0,1,1,0,0,0,
0,0,0,1,1,0,0,0,
0,0,0,1,1,0,0,0,
0,0,0,1,1,0,0,0,
0,0,0,1,1,0,0,0,
0,0,0,1,1,0,0,0,
0,1,1,1,1,0,0,0,
0,0,0,1,1,0,0,0,
0,0,0,1,1,0,0,0,
0,0,0,1,1,0,0,0,
0,0,0,1,1,0,0,0,
0,0,0,1,1,0,0,0,
0,0,0,1,1,0,0,0,
0,0,0,1,1,0,0,0,

Width:11,Height:18

Left:0,Right:8,Top:1,Bottom:17

Left:0,Right:8,Top:1,Bottom:17
1,1,1,0,0,0,0,0,
1,1,1,0,0,0,0,0,
1,1,1,0,0,0,0,0,
1,1,1,0,0,0,0,0,
1,1,1,0,0,1,1,0,
1,1,1,0,1,1,1,0,
1,1,1,1,1,1,1,0,
1,1,1,0,0,1,1,0,
1,1,1,0,0,1,1,0,
1,1,0,0,0,1,1,0,
1,1,0,0,0,1,1,0,
1,1,0,0,0,1,1,0,
1,1,0,0,0,1,1,0,
1,1,0,0,0,1,1,0,
1,1,0,0,0,1,1,0,
1,1,1,1,1,1,1,1,
2,2,2,0,0,0,0,0,
2,2,2,0,0,0,0,0,
2,2,2,0,1,2,2,0,
2,2,2,1,1,2,2,0,
2,2,1,0,0,2,2,0,
2,2,0,0,0,2,2,0,
2,2,0,0,0,2,2,0,
2,2,1,1,1,2,2,1,

Width:10,Height:13

Left:2,Right:7,Top:1,Bottom:12

Left:1,Right:9,Top:3,Bottom:11
0,1,1,1,1,0,0,0,
0,0,0,1,1,0,0,0,
0,0,0,1,1,0,0,0,
0,0,0,1,1,0,0,0,
0,0,0,1,1,0,0,0,
0,0,0,1,1,0,0,0,
0,0,0,1,1,0,0,0,
0,0,0,1,1,0,0,0,
0,1,1,1,1,0,0,0,
0,0,0,1,1,0,0,0,
0,0,0,1,1,0,0,0,
0,0,0,1,1,0,0,0,
0,0,0,1,1,0,0,0,
0,0,0,1,1,0,0,0,
0,0,0,1,1,0,0,0,
0,0,0,1,1,0,0,0,

Width:10,Height:13

Left:2,Right:7,Top:1,Bottom:12

Left:1,Right:9,Top:3,Bottom:11
0,1,1,1,1,0,0,0,
0,0,0,1,1,0,0,0,
0,0,0,1,1,0,0,0,
0,0,0,1,1,0,0,0,
0,0,0,1,1,0,0,0,
0,0,0,1,1,0,0,0,
0,0,0,1,1,0,0,0,
0,0,0,1,1,0,0,0,
0,1,1,1,1,0,0,0,
0,0,0,1,1,0,0,0,
0,0,0,1,1,0,0,0,
0,0,0,1,1,0,0,0,
0,0,0,1,1,0,0,0,
0,0,0,1,1,0,0,0,
0,0,0,1,1,0,0,0,
0,0,0,1,1,0,0,0,

Width:10,Height:13

Left:2,Right:7,Top:1,Bottom:12

Left:1,Right:9,Top:3,Bottom:11
0,1,1,1,1,0,0,0,
0,0,0,1,1,0,0,0,
0,0,0,1,1,0,0,0,
0,0,0,1,1,0,0,0,
0,0,0,1,1,0,0,0,
0,0,0,1,1,0,0,0,
0,0,0,1,1,0,0,0,
0,0,0,1,1,0,0,0,
0,1,1,1,1,0,0,0,
0,0,0,1,1,0,0,0,
0,0,0,1,1,0,0,0,
0,0,0,1,1,0,0,0,
0,0,0,1,1,0,0,0,
0,0,0,1,1,0,0,0,
0,0,0,1,1,0,0,0,
0,0,0,1,1,0,0,0,

Width:10,Height:13

Left:2,Right:7,Top:1,Bottom:12

Left:1,Right:9,Top:3,Bottom:11
0,1,1,1,1,0,0,0,
0,0,0,1,1,0,0,0,
0,0,0,1,1,0,0,0,
0,0,0,1,1,0,0,0,
0,0,0,1,1,0,0,0,
0,0,0,1,1,0,0,0,
0,0,0,1,1,0,0,0,
0,0,0,1,1,0,0,0,
0,1,1,1,1,0,0,0,
0,0,0,1,1,0,0,0,
0,0,0,1,1,0,0,0,
0,0,0,1,1,0,0,0,
0,0,0,1,1,0,0,0,
0,0,0,1,1,0,0,0,
0,0,0,1,1,0,0,0,
0,0,0,1,1,0,0,0,

Width:10,Height:13

Left:2,Right:7,Top:1,Bottom:12

Left:1,Right:9,Top:3,Bottom:11
0,1,1,1,1,0,0,0,
0,0,0,1,1,0,0,0,
0,0,0,1,1,0,0,0,
0,0,0,1,1,0,0,0,
0,0,0,1,1,0,0,0,
0,0,0,1,1,0,0,0,
0,0,0,1,1,0,0,0,
0,0,0,1,1,0,0,0,
0,1,1,1,1,0,0,0,
0,0,0,1,1,0,0,0,
0,0,0,1,1,0,0,0,
0,0,0,1,1,0,0,0,
0,0,0,1,1,0,0,0,
0,0,0,1,1,0,0,0,
0,0,0,1,1,0,0,0,
0,0,0,1,1,0,0,0,
