
Width:13,Height:20

Left:2,Right:9,Top:1,Bottom:20

Left:2,Right:10,Top:2,Bottom:18
0,0,0,1,1,0,0,0,
1,1,1,1,1,0,0,0,
0,0,0,1,1,0,0,0,
0,0,0,1,1,0,0,0,
0,0,0,1,1,0,0,0,
0,0,0,1,1,0,0,0,
0,0,0,1,1,0,0,0,
0,0,0,1,1,0,0,0,
0,0,0,1,1,0,0,0,
0,0,0,1,1,0,0,0,
0,0,0,1,1,0,0,0,
0,0,0,1,1,0,0,0,
0,0,0,1,1,0,0,0,
0,0,0,1,1,0,0,0,
0,0,0,1,1,0,0,0,
0,0,0,1,1,0,0,0,
1,1,1,2,2,0,0,0,
0,0,0,2,2,0,0,0,
0,0,0,2,2,0,0,0,
0,0,0,2,2,0,0,0,
0,0,0,2,2,0,0,0,
0,0,0,2,2,0,0,0,
0,0,0,2,2,0,0,0,
0,0,0,2,2,0,0,0,

Width:13,Height:19

Left:2,Right:9,Top:1,Bottom:18

Left:2,Right:10,Top:2,Bottom:18
0,0,1,1,1,0,0,0,
1,1,1,1,1,0,0,0,
0,0,1,1,1,0,0,0,
0,0,0,1,1,0,0,0,
0,0,0,1,1,0,0,0,
0,0,0,1,1,0,0,0,
0,0,0,1,1,0,0,0,
0,0,0,1,1,0,0,0,
0,0,0,1,1,0,0,0,
0,0,0,1,1,0,0,0,
0,0,0,1,1,0,0,0,
0,0,0,1,1,0,0,0,
0,0,0,1,1,0,0,0,
0,0,0,1,1,0,0,0,
0,0,0,1,1,0,0,0,
0,0,1,1,1,1,0,0,
1,1,2,2,2,0,0,0,
0,0,1,2,2,0,0,0,
0,0,0,2,2,0,0,0,
0,0,0,2,2,0,0,0,
0,0,0,2,2,0,0,0,
0,0,0,2,2,0,0,0,
0,0,0,2,2,0,0,0,
0,0,1,2,2,1,0,0,

Width:12,Height:19

Left:2,Right:9,Top:1,Bottom:18

Left:2,Right:10,Top:2,Bottom:18
0,0,0,1,1,0,0,0,
1,1,1,1,1,0,0,0,
0,0,0,1,1,0,0,0,
0,0,0,1,1,0,0,0,
0,0,0,1,1,0,0,0,
0,0,0,1,1,0,0,0,
0,0,0,1,1,0,0,0,
0,0,0,1,1,0,0,0,
0,0,0,1,1,0,0,0,
0,0,0,1,1,0,0,0,
0,0,0,1,1,0,0,0,
0,0,0,1,1,0,0,0,
0,0,0,1,1,0,0,0,
0,0,0,1,1,0,0,0,
0,0,0,1,1,0,0,0,
0,0,0,1,1,0,0,0,
1,1,1,2,2,0,0,0,
0,0,0,2,2,0,0,0,
0,0,0,2,2,0,0,0,
0,0,0,2,2,0,0,0,
0,0,0,2,2,0,0,0,
0,0,0,2,2,0,0,0,
0,0,0,2,2,0,0,0,
0,0,0,2,2,0,0,0,
