
Width:13,Height:19

Left:2,Right:11,Top:1,Bottom:18

Left:2,Right:10,Top:2,Bottom:18
0,1,1,1,0,0,1,1,
1,1,1,0,0,0,0,1,
1,1,1,0,0,0,0,1,
1,1,0,0,0,0,0,0,
1,1,0,0,0,0,0,0,
1,1,0,0,0,0,0,0,
1,1,1,0,0,0,0,1,
1,1,1,0,0,0,0,1,
1,1,1,1,0,1,1,1,
0,1,1,1,1,1,1,1,
0,0,0,0,0,0,0,1,
0,0,0,0,0,0,0,1,
0,0,0,0,0,0,0,1,
0,1,1,0,0,0,0,1,
0,1,1,0,0,0,1,1,
0,1,1,1,0,1,1,1,
1,2,2,1,0,0,1,2,
2,2,1,0,0,0,0,1,
2,2,0,0,0,0,0,0,
2,2,2,0,0,0,0,2,
1,2,2,2,1,2,2,2,
0,0,0,0,0,0,0,2,
0,1,1,0,0,0,0,2,
0,2,2,1,0,1,2,2,

Width:13,Height:19

Left:2,Right:11,Top:1,Bottom:18

Left:2,Right:10,Top:2,Bottom:18
0,1,1,0,0,0,0,1,
0,1,1,0,0,0,0,1,
1,1,0,0,0,0,0,0,
1,1,0,0,0,0,0,0,
1,1,0,0,0,0,0,0,
1,1,0,0,0,0,0,0,
1,1,0,0,0,0,0,0,
1,1,1,0,0,0,0,1,
0,1,1,0,0,0,1,0,
0,0,1,1,1,1,0,0,
0,0,0,0,0,0,0,0,
0,0,0,0,0,0,0,0,
0,0,0,0,0,0,0,1,
0,1,1,0,0,0,0,1,
0,1,1,0,0,0,1,1,
0,1,1,0,0,0,1,0,
0,2,2,0,0,0,0,2,
2,2,0,0,0,0,0,0,
2,2,0,0,0,0,0,0,
2,2,1,0,0,0,0,1,
0,1,2,1,1,1,1,0,
0,0,0,0,0,0,0,0,
0,1,1,0,0,0,0,2,
0,2,2,0,0,0,2,1,

Width:14,Height:19

Left:2,Right:11,Top:1,Bottom:18

Left:3,Right:11,Top:2,Bottom:18
1,1,0,0,0,0,1,0,
1,1,0,0,0,0,1,1,
1,0,0,0,0,0,0,1,
1,0,0,0,0,0,0,1,
1,0,0,0,0,0,0,1,
1,0,0,0,0,0,0,1,
1,0,0,0,0,0,0,1,
1,1,0,0,0,0,1,1,
1,1,0,0,0,1,0,1,
0,1,1,1,1,0,0,1,
0,0,0,0,0,0,0,1,
0,0,0,0,0,0,0,1,
0,0,0,0,0,0,1,1,
1,1,0,0,0,0,1,1,
1,1,0,0,0,1,1,0,
1,1,0,0,0,1,0,0,
2,2,0,0,0,0,2,1,
2,0,0,0,0,0,0,2,
2,0,0,0,0,0,0,2,
2,1,0,0,0,0,1,2,
1,2,1,1,1,1,0,2,
0,0,0,0,0,0,0,2,
1,1,0,0,0,0,2,2,
2,2,0,0,0,2,1,0,

Width:13,Height:19

Left:2,Right:11,Top:1,Bottom:18

Left:2,Right:10,Top:2,Bottom:18
0,1,1,0,0,0,0,1,
0,1,1,0,0,0,0,1,
1,1,0,0,0,0,0,0,
1,1,0,0,0,0,0,0,
1,1,0,0,0,0,0,0,
1,1,0,0,0,0,0,0,
1,1,0,0,0,0,0,0,
1,1,1,0,0,0,0,1,
0,1,1,0,0,0,1,0,
0,0,1,1,1,1,0,0,
0,0,0,0,0,0,0,0,
0,0,0,0,0,0,0,0,
0,0,0,0,0,0,0,1,
0,1,1,0,0,0,0,1,
0,1,1,0,0,0,1,1,
0,1,1,0,0,0,1,0,
0,2,2,0,0,0,0,2,
2,2,0,0,0,0,0,0,
2,2,0,0,0,0,0,0,
2,2,1,0,0,0,0,1,
0,1,2,1,1,1,1,0,
0,0,0,0,0,0,0,0,
0,1,1,0,0,0,0,2,
0,2,2,0,0,0,2,1,

Width:13,Height:19

Left:2,Right:11,Top:1,Bottom:18

Left:2,Right:10,Top:2,Bottom:18
0,1,1,0,0,0,0,1,
0,1,1,0,0,0,0,1,
1,1,0,0,0,0,0,0,
1,1,0,0,0,0,0,0,
1,1,0,0,0,0,0,0,
1,1,0,0,0,0,0,0,
1,1,0,0,0,0,0,0,
1,1,1,0,0,0,0,1,
0,1,1,0,0,0,1,0,
0,0,1,1,1,1,0,0,
0,0,0,0,0,0,0,0,
0,0,0,0,0,0,0,0,
0,0,0,0,0,0,0,1,
0,1,1,0,0,0,0,1,
0,1,1,0,0,0,1,1,
0,1,1,0,0,0,1,0,
0,2,2,0,0,0,0,2,
2,2,0,0,0,0,0,0,
2,2,0,0,0,0,0,0,
2,2,1,0,0,0,0,1,
0,1,2,1,1,1,1,0,
0,0,0,0,0,0,0,0,
0,1,1,0,0,0,0,2,
0,2,2,0,0,0,2,1,

Width:12,Height:19

Left:2,Right:11,Top:1,Bottom:18

Left:2,Right:10,Top:2,Bottom:18
0,1,1,0,0,0,0,1,
0,1,1,0,0,0,0,1,
1,1,0,0,0,0,0,0,
1,1,0,0,0,0,0,0,
1,1,0,0,0,0,0,0,
1,1,0,0,0,0,0,0,
1,1,0,0,0,0,0,0,
1,1,1,0,0,0,0,1,
0,1,1,0,0,0,1,0,
0,0,1,1,1,1,0,0,
0,0,0,0,0,0,0,0,
0,0,0,0,0,0,0,0,
0,0,0,0,0,0,0,1,
0,1,1,0,0,0,0,1,
0,1,1,0,0,0,1,1,
0,1,1,0,0,0,1,0,
0,2,2,0,0,0,0,2,
2,2,0,0,0,0,0,0,
2,2,0,0,0,0,0,0,
2,2,1,0,0,0,0,1,
0,1,2,1,1,1,1,0,
0,0,0,0,0,0,0,0,
0,1,1,0,0,0,0,2,
0,2,2,0,0,0,2,1,

Width:13,Height:19

Left:2,Right:11,Top:1,Bottom:18

Left:2,Right:10,Top:2,Bottom:18
0,1,1,0,0,0,0,1,
0,1,1,0,0,0,0,1,
1,1,0,0,0,0,0,0,
1,1,0,0,0,0,0,0,
1,1,0,0,0,0,0,0,
1,1,0,0,0,0,0,0,
1,1,0,0,0,0,0,0,
1,1,1,0,0,0,0,1,
0,1,1,0,0,0,1,0,
0,0,1,1,1,1,0,0,
0,0,0,0,0,0,0,0,
0,0,0,0,0,0,0,0,
0,0,0,0,0,0,0,1,
0,1,1,0,0,0,0,1,
0,1,1,0,0,0,1,1,
0,1,1,0,0,0,1,0,
0,2,2,0,0,0,0,2,
2,2,0,0,0,0,0,0,
2,2,0,0,0,0,0,0,
2,2,1,0,0,0,0,1,
0,1,2,1,1,1,1,0,
0,0,0,0,0,0,0,0,
0,1,1,0,0,0,0,2,
0,2,2,0,0,0,2,1,
