
Width:13,Height:16

Left:2,Right:10,Top:1,Bottom:15

Left:2,Right:10,Top:0,Bottom:16
0,0,0,0,0,0,0,0,
0,1,1,1,1,1,1,0,
1,1,1,0,0,1,1,1,
1,1,0,0,0,0,1,1,
1,1,0,0,0,0,0,1,
1,1,1,0,0,0,1,1,
1,1,1,1,0,0,1,1,
0,1,1,1,1,1,1,1,
0,1,1,1,1,1,1,0,
1,1,1,0,1,1,1,1,
1,1,1,0,0,0,1,1,
1,1,0,0,0,0,1,1,
1,1,0,0,0,0,0,1,
1,1,1,0,0,0,1,1,
1,1,1,0,0,0,1,1,
0,0,0,0,0,0,0,0,
0,1,1,1,1,1,1,0,
2,2,1,0,0,1,2,2,
2,2,1,0,0,0,1,2,
1,2,2,2,1,1,2,2,
1,2,2,1,2,2,2,1,
2,2,1,0,0,0,2,2,
2,2,1,0,0,0,1,2,
1,1,1,0,0,0,1,1,

Width:13,Height:17

Left:2,Right:10,Top:1,Bottom:16

Left:2,Right:10,Top:0,Bottom:16
0,0,0,0,0,0,0,0,
0,0,1,1,1,1,1,0,
0,1,1,0,0,1,1,1,
1,1,0,0,0,0,1,1,
1,1,0,0,0,0,0,1,
1,1,1,0,0,0,1,1,
1,1,1,0,0,0,1,1,
0,1,1,1,1,1,1,1,
0,1,1,1,1,1,1,0,
0,1,1,0,1,1,1,1,
1,1,1,0,0,1,1,1,
1,1,0,0,0,0,1,1,
1,1,0,0,0,0,0,1,
1,1,0,0,0,0,0,1,
1,1,1,0,0,0,1,1,
0,1,1,1,1,1,1,1,
0,0,1,1,1,1,1,0,
1,2,1,0,0,1,2,2,
2,2,1,0,0,0,1,2,
1,2,2,1,1,1,2,2,
0,2,2,1,2,2,2,1,
2,2,1,0,0,1,2,2,
2,2,0,0,0,0,0,2,
1,2,2,1,1,1,2,2,

Width:13,Height:17

Left:2,Right:10,Top:1,Bottom:16

Left:2,Right:10,Top:0,Bottom:16
0,0,0,0,0,0,0,0,
0,0,1,1,1,1,1,1,
0,1,1,1,0,0,1,1,
0,1,1,0,0,0,0,1,
1,1,1,0,0,0,0,1,
1,1,1,0,0,0,0,1,
0,1,1,1,0,0,0,1,
0,1,1,1,1,1,1,1,
0,0,1,1,1,1,1,1,
0,1,1,0,1,1,1,1,
0,1,1,0,0,0,1,1,
1,1,1,0,0,0,0,1,
1,1,1,0,0,0,0,1,
1,1,1,0,0,0,0,1,
0,1,1,1,0,0,1,1,
0,0,1,1,1,1,1,1,
0,0,1,1,1,1,1,1,
0,2,2,1,0,0,1,2,
2,2,2,0,0,0,0,2,
0,2,2,2,1,1,1,2,
0,1,2,1,2,2,2,2,
1,2,2,0,0,0,1,2,
2,2,2,0,0,0,0,2,
0,1,2,2,1,1,2,2,

Width:12,Height:17

Left:2,Right:10,Top:1,Bottom:16

Left:2,Right:10,Top:0,Bottom:16
0,0,0,0,0,0,0,0,
0,0,1,1,1,1,1,0,
0,1,1,1,0,1,1,1,
1,1,1,0,0,0,1,1,
1,1,0,0,0,0,0,1,
1,1,1,0,0,0,0,1,
1,1,1,1,0,0,1,1,
0,1,1,1,1,1,1,1,
0,0,1,1,1,1,1,0,
0,1,1,0,1,1,1,1,
1,1,1,0,0,0,1,1,
1,1,1,0,0,0,1,1,
1,1,0,0,0,0,0,1,
1,1,1,0,0,0,0,1,
1,1,1,0,0,0,1,1,
0,1,1,1,0,1,1,1,
0,0,1,1,1,1,1,0,
1,2,2,1,0,1,2,2,
2,2,1,0,0,0,0,2,
1,2,2,2,1,1,2,2,
0,1,2,1,2,2,2,1,
2,2,2,0,0,0,2,2,
2,2,1,0,0,0,0,2,
1,2,2,1,0,1,2,2,

Width:12,Height:17

Left:2,Right:10,Top:1,Bottom:16

Left:2,Right:10,Top:0,Bottom:16
0,0,0,0,0,0,0,0,
0,0,1,1,1,1,1,0,
0,1,1,0,0,1,1,1,
1,1,0,0,0,0,1,1,
1,1,0,0,0,0,0,1,
1,1,0,0,0,0,1,1,
1,1,1,0,0,0,1,1,
0,1,1,1,1,1,1,1,
0,1,1,1,1,1,1,0,
1,1,1,0,1,1,1,1,
1,1,1,0,0,1,1,1,
1,1,0,0,0,0,1,1,
1,1,0,0,0,0,0,1,
1,1,0,0,0,0,1,1,
1,1,1,0,0,0,1,1,
0,1,1,1,1,1,1,1,
0,0,1,1,1,1,1,0,
1,2,1,0,0,1,2,2,
2,2,0,0,0,0,1,2,
1,2,2,1,1,1,2,2,
1,2,2,1,2,2,2,1,
2,2,1,0,0,1,2,2,
2,2,0,0,0,0,1,2,
1,2,2,1,1,1,2,2,

Width:13,Height:16

Left:2,Right:10,Top:1,Bottom:15

Left:2,Right:10,Top:0,Bottom:16
0,0,0,0,0,0,0,0,
0,1,1,1,1,1,1,0,
1,1,1,0,0,1,1,1,
1,1,0,0,0,0,1,1,
1,1,0,0,0,0,0,1,
1,1,1,0,0,0,1,1,
1,1,1,1,0,0,1,1,
0,1,1,1,1,1,1,1,
0,1,1,1,1,1,1,0,
1,1,1,0,1,1,1,1,
1,1,1,0,0,0,1,1,
1,1,0,0,0,0,1,1,
1,1,0,0,0,0,0,1,
1,1,1,0,0,0,1,1,
1,1,1,0,0,0,1,1,
0,0,0,0,0,0,0,0,
0,1,1,1,1,1,1,0,
2,2,1,0,0,1,2,2,
2,2,1,0,0,0,1,2,
1,2,2,2,1,1,2,2,
1,2,2,1,2,2,2,1,
2,2,1,0,0,0,2,2,
2,2,1,0,0,0,1,2,
1,1,1,0,0,0,1,1,

Width:12,Height:17

Left:2,Right:10,Top:1,Bottom:16

Left:2,Right:10,Top:0,Bottom:16
0,0,0,0,0,0,0,0,
0,0,1,1,1,1,1,0,
0,1,1,0,0,1,1,1,
1,1,0,0,0,0,1,1,
1,1,0,0,0,0,0,1,
1,1,0,0,0,0,1,1,
1,1,1,0,0,0,1,1,
0,1,1,1,1,1,1,1,
0,1,1,1,1,1,1,0,
1,1,1,0,1,1,1,1,
1,1,1,0,0,1,1,1,
1,1,0,0,0,0,1,1,
1,1,0,0,0,0,0,1,
1,1,0,0,0,0,1,1,
1,1,1,0,0,0,1,1,
0,1,1,1,1,1,1,1,
0,0,1,1,1,1,1,0,
1,2,1,0,0,1,2,2,
2,2,0,0,0,0,1,2,
1,2,2,1,1,1,2,2,
1,2,2,1,2,2,2,1,
2,2,1,0,0,1,2,2,
2,2,0,0,0,0,1,2,
1,2,2,1,1,1,2,2,

Width:12,Height:16

Left:2,Right:10,Top:1,Bottom:15

Left:2,Right:10,Top:0,Bottom:16
0,0,0,0,0,0,0,0,
0,1,1,1,1,1,1,0,
1,1,1,0,0,1,1,1,
1,1,0,0,0,0,1,1,
1,1,0,0,0,0,0,1,
1,1,1,0,0,0,1,1,
1,1,1,1,0,0,1,1,
0,1,1,1,1,1,1,1,
0,1,1,1,1,1,1,0,
1,1,1,0,1,1,1,1,
1,1,1,0,0,0,1,1,
1,1,0,0,0,0,1,1,
1,1,0,0,0,0,0,1,
1,1,1,0,0,0,1,1,
1,1,1,0,0,0,1,1,
0,0,0,0,0,0,0,0,
0,1,1,1,1,1,1,0,
2,2,1,0,0,1,2,2,
2,2,1,0,0,0,1,2,
1,2,2,2,1,1,2,2,
1,2,2,1,2,2,2,1,
2,2,1,0,0,0,2,2,
2,2,1,0,0,0,1,2,
1,1,1,0,0,0,1,1,

Width:12,Height:16

Left:2,Right:10,Top:1,Bottom:15

Left:2,Right:10,Top:0,Bottom:16
0,0,0,0,0,0,0,0,
0,1,1,1,1,1,1,0,
1,1,1,0,0,1,1,1,
1,1,0,0,0,0,1,1,
1,1,0,0,0,0,0,1,
1,1,1,0,0,0,1,1,
1,1,1,1,0,0,1,1,
0,1,1,1,1,1,1,1,
0,1,1,1,1,1,1,0,
1,1,1,0,1,1,1,1,
1,1,1,0,0,0,1,1,
1,1,0,0,0,0,1,1,
1,1,0,0,0,0,0,1,
1,1,1,0,0,0,1,1,
1,1,1,0,0,0,1,1,
0,0,0,0,0,0,0,0,
0,1,1,1,1,1,1,0,
2,2,1,0,0,1,2,2,
2,2,1,0,0,0,1,2,
1,2,2,2,1,1,2,2,
1,2,2,1,2,2,2,1,
2,2,1,0,0,0,2,2,
2,2,1,0,0,0,1,2,
1,1,1,0,0,0,1,1,

Width:13,Height:17

Left:2,Right:10,Top:1,Bottom:16

Left:2,Right:10,Top:0,Bottom:16
0,0,0,0,0,0,0,0,
0,1,1,1,1,1,1,0,
1,1,1,0,0,1,1,1,
1,1,0,0,0,0,1,1,
1,1,0,0,0,0,0,1,
1,1,0,0,0,0,1,1,
1,1,1,0,0,0,1,1,
0,1,1,1,1,1,1,1,
0,1,1,1,1,1,1,0,
1,1,1,0,1,1,1,1,
1,1,0,0,0,1,1,1,
1,1,0,0,0,0,1,1,
1,1,0,0,0,0,1,1,
1,1,0,0,0,0,1,1,
1,1,1,0,0,0,1,1,
0,1,1,1,1,1,1,0,
0,1,1,1,1,1,1,0,
2,2,1,0,0,1,2,2,
2,2,0,0,0,0,1,2,
1,2,2,1,1,1,2,2,
1,2,2,1,2,2,2,1,
2,2,0,0,0,1,2,2,
2,2,0,0,0,0,2,2,
1,2,2,1,1,1,2,1,

Width:13,Height:17

Left:2,Right:10,Top:1,Bottom:16

Left:2,Right:10,Top:0,Bottom:16
0,0,0,0,0,0,0,0,
0,1,1,1,1,1,1,0,
1,1,1,0,0,1,1,1,
1,1,0,0,0,0,1,1,
1,1,0,0,0,0,0,1,
1,1,0,0,0,0,1,1,
1,1,1,0,0,0,1,1,
0,1,1,1,1,1,1,1,
0,1,1,1,1,1,1,0,
1,1,1,0,1,1,1,1,
1,1,0,0,0,1,1,1,
1,1,0,0,0,0,1,1,
1,1,0,0,0,0,1,1,
1,1,0,0,0,0,1,1,
1,1,1,0,0,0,1,1,
0,1,1,1,1,1,1,0,
0,1,1,1,1,1,1,0,
2,2,1,0,0,1,2,2,
2,2,0,0,0,0,1,2,
1,2,2,1,1,1,2,2,
1,2,2,1,2,2,2,1,
2,2,0,0,0,1,2,2,
2,2,0,0,0,0,2,2,
1,2,2,1,1,1,2,1,

Width:11,Height:17

Left:2,Right:10,Top:1,Bottom:16

Left:2,Right:10,Top:0,Bottom:16
0,0,0,0,0,0,0,0,
0,0,1,1,1,1,1,0,
0,1,1,1,0,1,1,1,
1,1,1,0,0,0,1,1,
1,1,0,0,0,0,0,1,
1,1,1,0,0,0,0,1,
1,1,1,1,0,0,1,1,
0,1,1,1,1,1,1,1,
0,0,1,1,1,1,1,0,
0,1,1,0,1,1,1,1,
1,1,1,0,0,0,1,1,
1,1,0,0,0,0,1,1,
1,1,0,0,0,0,0,1,
1,1,1,0,0,0,0,1,
1,1,1,0,0,0,1,1,
0,1,1,1,1,1,1,1,
0,0,1,1,1,1,1,0,
1,2,2,1,0,1,2,2,
2,2,1,0,0,0,0,2,
1,2,2,2,1,1,2,2,
0,1,2,1,2,2,2,1,
2,2,1,0,0,0,2,2,
2,2,1,0,0,0,0,2,
1,2,2,1,1,1,2,2,

Width:12,Height:17

Left:2,Right:10,Top:1,Bottom:16

Left:2,Right:10,Top:0,Bottom:16
0,0,0,0,0,0,0,0,
0,0,1,1,1,1,1,0,
0,1,1,1,0,1,1,1,
1,1,1,0,0,0,1,1,
1,1,0,0,0,0,0,1,
1,1,1,0,0,0,0,1,
1,1,1,1,0,0,1,1,
0,1,1,1,1,1,1,1,
0,0,1,1,1,1,1,0,
0,1,1,0,1,1,1,1,
1,1,1,0,0,0,1,1,
1,1,1,0,0,0,1,1,
1,1,0,0,0,0,0,1,
1,1,1,0,0,0,0,1,
1,1,1,0,0,0,1,1,
0,1,1,1,1,1,1,1,
0,0,1,1,1,1,1,0,
1,2,2,1,0,1,2,2,
2,2,1,0,0,0,0,2,
1,2,2,2,1,1,2,2,
0,1,2,1,2,2,2,1,
2,2,2,0,0,0,2,2,
2,2,1,0,0,0,0,2,
1,2,2,1,1,1,2,2,

Width:13,Height:17

Left:2,Right:10,Top:1,Bottom:16

Left:2,Right:10,Top:0,Bottom:16
0,0,0,0,0,0,0,0,
0,0,1,1,1,1,1,1,
0,1,1,1,0,0,1,1,
0,1,1,0,0,0,0,1,
1,1,1,0,0,0,0,1,
0,1,1,0,0,0,0,1,
0,1,1,1,0,0,0,1,
0,1,1,1,1,1,1,1,
0,0,1,1,1,1,1,1,
0,1,1,0,1,1,1,1,
0,1,1,0,0,0,1,1,
0,1,1,0,0,0,0,1,
1,1,1,0,0,0,0,1,
0,1,1,0,0,0,0,1,
0,1,1,1,0,0,1,1,
0,0,1,1,1,1,1,1,
0,0,1,1,1,1,1,1,
0,2,2,1,0,0,1,2,
1,2,2,0,0,0,0,2,
0,2,2,2,1,1,1,2,
0,1,2,1,2,2,2,2,
0,2,2,0,0,0,1,2,
1,2,2,0,0,0,0,2,
0,1,2,2,1,1,2,2,

Width:12,Height:16

Left:2,Right:10,Top:1,Bottom:15

Left:2,Right:10,Top:0,Bottom:16
0,0,0,0,0,0,0,0,
0,1,1,1,1,1,1,0,
1,1,1,0,0,1,1,1,
1,1,0,0,0,0,1,1,
1,1,0,0,0,0,0,1,
1,1,1,0,0,0,1,1,
1,1,1,1,0,0,1,1,
0,1,1,1,1,1,1,0,
0,1,1,1,1,1,1,0,
1,1,1,0,0,1,1,1,
1,1,0,0,0,0,1,1,
1,1,0,0,0,0,1,1,
1,1,0,0,0,0,0,1,
1,1,1,0,0,0,1,1,
1,1,1,0,0,1,1,1,
0,0,0,0,0,0,0,0,
0,1,1,1,1,1,1,0,
2,2,1,0,0,1,2,2,
2,2,1,0,0,0,1,2,
1,2,2,2,1,1,2,1,
1,2,2,1,1,2,2,1,
2,2,0,0,0,0,2,2,
2,2,1,0,0,0,1,2,
1,1,1,0,0,1,1,1,

Width:12,Height:17

Left:2,Right:10,Top:1,Bottom:16

Left:2,Right:10,Top:0,Bottom:16
0,0,0,0,0,0,0,0,
0,0,1,1,1,1,0,0,
0,1,1,1,1,1,1,0,
1,1,1,0,0,0,1,1,
1,1,0,0,0,0,1,1,
1,1,0,0,0,0,1,1,
1,1,1,0,0,0,1,1,
1,1,1,1,0,0,1,1,
0,1,1,1,1,1,1,0,
0,1,1,1,1,1,1,0,
1,1,1,0,0,1,1,1,
1,1,0,0,0,0,1,1,
1,1,0,0,0,0,1,1,
1,1,0,0,0,0,0,1,
1,1,1,0,0,0,1,1,
1,1,1,0,0,1,1,1,
0,0,1,1,1,1,0,0,
1,2,2,1,1,1,2,1,
2,2,0,0,0,0,2,2,
2,2,2,1,0,0,2,2,
0,2,2,2,2,2,2,0,
2,2,1,0,0,1,2,2,
2,2,0,0,0,0,1,2,
2,2,2,0,0,1,2,2,

Width:12,Height:17

Left:2,Right:10,Top:1,Bottom:16

Left:2,Right:10,Top:0,Bottom:16
0,0,0,0,0,0,0,0,
0,0,1,1,1,1,1,0,
0,1,1,1,0,1,1,1,
1,1,1,0,0,0,1,1,
1,1,0,0,0,0,0,1,
1,1,1,0,0,0,0,1,
1,1,1,1,0,0,1,1,
0,1,1,1,1,1,1,1,
0,0,1,1,1,1,1,0,
0,1,1,0,1,1,1,1,
1,1,1,0,0,0,1,1,
1,1,1,0,0,0,1,1,
1,1,0,0,0,0,0,1,
1,1,1,0,0,0,0,1,
1,1,1,0,0,0,1,1,
0,1,1,1,1,1,1,1,
0,0,1,1,1,1,1,0,
1,2,2,1,0,1,2,2,
2,2,1,0,0,0,0,2,
1,2,2,2,1,1,2,2,
0,1,2,1,2,2,2,1,
2,2,2,0,0,0,2,2,
2,2,1,0,0,0,0,2,
1,2,2,1,1,1,2,2,

Width:12,Height:17

Left:2,Right:10,Top:1,Bottom:16

Left:2,Right:10,Top:0,Bottom:16
0,0,0,0,0,0,0,0,
0,0,1,1,1,1,1,0,
1,1,1,0,0,1,1,1,
1,1,0,0,0,0,1,1,
1,1,0,0,0,0,0,1,
1,1,0,0,0,0,1,1,
1,1,1,0,0,0,1,1,
0,1,1,1,1,1,1,1,
0,1,1,1,1,1,1,0,
1,1,1,0,1,1,1,1,
1,1,1,0,0,1,1,1,
1,1,0,0,0,0,1,1,
1,1,0,0,0,0,1,1,
1,1,0,0,0,0,1,1,
1,1,1,0,0,0,1,1,
0,1,1,1,1,1,1,1,
0,0,1,1,1,1,1,0,
2,2,1,0,0,1,2,2,
2,2,0,0,0,0,1,2,
1,2,2,1,1,1,2,2,
1,2,2,1,2,2,2,1,
2,2,1,0,0,1,2,2,
2,2,0,0,0,0,2,2,
1,2,2,1,1,1,2,2,

Width:12,Height:16

Left:2,Right:10,Top:1,Bottom:15

Left:2,Right:10,Top:0,Bottom:16
0,0,0,0,0,0,0,0,
0,1,1,1,1,1,1,0,
1,1,1,0,0,1,1,1,
1,1,0,0,0,0,1,1,
1,1,0,0,0,0,0,1,
1,1,1,0,0,0,1,1,
1,1,1,1,0,0,1,1,
0,1,1,1,1,1,1,0,
0,1,1,1,1,1,1,0,
1,1,1,0,0,1,1,1,
1,1,0,0,0,0,1,1,
1,1,0,0,0,0,1,1,
1,1,0,0,0,0,0,1,
1,1,0,0,0,0,1,1,
1,1,1,0,0,1,1,1,
0,0,0,0,0,0,0,0,
0,1,1,1,1,1,1,0,
2,2,1,0,0,1,2,2,
2,2,1,0,0,0,1,2,
1,2,2,2,1,1,2,1,
1,2,2,1,1,2,2,1,
2,2,0,0,0,0,2,2,
2,2,0,0,0,0,1,2,
1,1,1,0,0,1,1,1,

Width:12,Height:16

Left:2,Right:10,Top:1,Bottom:15

Left:2,Right:10,Top:0,Bottom:16
0,0,0,0,0,0,0,0,
0,0,1,1,1,1,1,1,
0,1,1,1,0,0,1,1,
1,1,1,0,0,0,0,1,
1,1,0,0,0,0,0,1,
1,1,1,0,0,0,0,1,
0,1,1,1,0,0,1,1,
0,1,1,1,1,1,1,1,
0,0,1,1,1,1,1,1,
0,1,1,0,0,1,1,1,
1,1,1,0,0,0,1,1,
1,1,0,0,0,0,0,1,
1,1,1,0,0,0,0,1,
1,1,1,0,0,0,0,1,
0,1,1,1,0,0,1,1,
0,0,0,0,0,0,0,0,
0,0,1,1,1,1,1,1,
1,2,2,1,0,0,1,2,
2,2,1,0,0,0,0,2,
0,2,2,2,1,1,2,2,
0,1,2,1,1,2,2,2,
2,2,1,0,0,0,1,2,
2,2,2,0,0,0,0,2,
0,1,1,1,0,0,1,1,

Width:13,Height:17

Left:2,Right:10,Top:1,Bottom:16

Left:2,Right:10,Top:0,Bottom:16
0,0,0,0,0,0,0,0,
0,0,1,1,1,1,1,1,
0,1,1,1,0,0,1,1,
0,1,1,0,0,0,0,1,
1,1,1,0,0,0,0,1,
1,1,1,0,0,0,0,1,
0,1,1,1,0,0,0,1,
0,1,1,1,1,1,1,1,
0,0,1,1,1,1,1,1,
0,1,1,0,1,1,1,1,
0,1,1,0,0,0,1,1,
1,1,1,0,0,0,0,1,
1,1,1,0,0,0,0,1,
1,1,1,0,0,0,0,1,
0,1,1,1,0,0,1,1,
0,0,1,1,1,1,1,1,
0,0,1,1,1,1,1,1,
0,2,2,1,0,0,1,2,
2,2,2,0,0,0,0,2,
0,2,2,2,1,1,1,2,
0,1,2,1,2,2,2,2,
1,2,2,0,0,0,1,2,
2,2,2,0,0,0,0,2,
0,1,2,2,1,1,2,2,

Width:13,Height:17

Left:2,Right:10,Top:1,Bottom:16

Left:2,Right:10,Top:0,Bottom:16
0,0,0,0,0,0,0,0,
0,0,1,1,1,1,1,0,
1,1,1,0,0,1,1,1,
1,1,0,0,0,0,1,1,
1,1,0,0,0,0,1,1,
1,1,0,0,0,0,1,1,
1,1,1,0,0,0,1,1,
0,1,1,1,1,1,1,1,
0,1,1,1,1,1,1,0,
1,1,1,1,1,1,1,1,
1,1,0,0,0,1,1,1,
1,1,0,0,0,0,1,1,
1,1,0,0,0,0,1,1,
1,1,0,0,0,0,1,1,
1,1,1,0,0,0,1,1,
0,1,1,1,1,1,1,1,
0,0,1,1,1,1,1,0,
2,2,1,0,0,1,2,2,
2,2,0,0,0,0,2,2,
1,2,2,1,1,1,2,2,
1,2,2,2,2,2,2,1,
2,2,0,0,0,1,2,2,
2,2,0,0,0,0,2,2,
1,2,2,1,1,1,2,2,

Width:13,Height:17

Left:2,Right:10,Top:1,Bottom:16

Left:2,Right:10,Top:0,Bottom:16
0,0,0,0,0,0,0,0,
0,0,1,1,1,1,1,1,
0,1,1,1,0,0,1,1,
0,1,1,0,0,0,0,1,
1,1,1,0,0,0,0,1,
1,1,1,0,0,0,0,1,
0,1,1,1,0,0,0,1,
0,1,1,1,1,1,1,1,
0,0,1,1,1,1,1,1,
0,1,1,0,1,1,1,1,
0,1,1,0,0,0,1,1,
1,1,1,0,0,0,0,1,
1,1,1,0,0,0,0,1,
1,1,1,0,0,0,0,1,
0,1,1,1,0,0,1,1,
0,0,1,1,1,1,1,1,
0,0,1,1,1,1,1,1,
0,2,2,1,0,0,1,2,
2,2,2,0,0,0,0,2,
0,2,2,2,1,1,1,2,
0,1,2,1,2,2,2,2,
1,2,2,0,0,0,1,2,
2,2,2,0,0,0,0,2,
0,1,2,2,1,1,2,2,

Width:13,Height:17

Left:2,Right:10,Top:1,Bottom:16

Left:2,Right:10,Top:0,Bottom:16
0,0,0,0,0,0,0,0,
0,0,1,1,1,1,1,0,
1,1,1,0,0,1,1,1,
1,1,0,0,0,0,1,1,
1,1,0,0,0,0,1,1,
1,1,0,0,0,0,1,1,
1,1,1,0,0,0,1,1,
0,1,1,1,1,1,1,1,
0,1,1,1,1,1,1,0,
1,1,1,1,1,1,1,1,
1,1,0,0,0,1,1,1,
1,1,0,0,0,0,1,1,
1,1,0,0,0,0,1,1,
1,1,0,0,0,0,1,1,
1,1,1,0,0,0,1,1,
0,1,1,1,1,1,1,1,
0,0,1,1,1,1,1,0,
2,2,1,0,0,1,2,2,
2,2,0,0,0,0,2,2,
1,2,2,1,1,1,2,2,
1,2,2,2,2,2,2,1,
2,2,0,0,0,1,2,2,
2,2,0,0,0,0,2,2,
1,2,2,1,1,1,2,2,

Width:12,Height:17

Left:2,Right:10,Top:1,Bottom:16

Left:2,Right:10,Top:0,Bottom:16
0,0,0,0,0,0,0,0,
0,0,1,1,1,1,1,0,
0,1,1,1,0,0,1,1,
1,1,1,0,0,0,1,1,
1,1,0,0,0,0,0,1,
1,1,1,0,0,0,0,1,
1,1,1,1,0,0,1,1,
0,1,1,1,1,1,1,1,
0,0,1,1,1,1,1,0,
0,1,1,0,1,1,1,1,
1,1,1,0,0,0,1,1,
1,1,1,0,0,0,1,1,
1,1,0,0,0,0,0,1,
1,1,1,0,0,0,0,1,
0,1,1,0,0,0,1,1,
0,1,1,1,1,1,1,1,
0,0,1,1,1,1,1,0,
1,2,2,1,0,0,2,2,
2,2,1,0,0,0,0,2,
1,2,2,2,1,1,2,2,
0,1,2,1,2,2,2,1,
2,2,2,0,0,0,2,2,
2,2,1,0,0,0,0,2,
0,2,2,1,1,1,2,2,

Width:12,Height:16

Left:2,Right:10,Top:1,Bottom:15

Left:2,Right:10,Top:0,Bottom:16
0,0,0,0,0,0,0,0,
0,1,1,1,1,1,1,0,
1,1,1,0,0,1,1,1,
1,1,0,0,0,0,1,1,
1,1,0,0,0,0,0,1,
1,1,1,0,0,0,1,1,
1,1,1,1,0,0,1,1,
0,1,1,1,1,1,1,0,
0,1,1,1,1,1,1,0,
1,1,1,0,1,1,1,1,
1,1,0,0,0,0,1,1,
1,1,0,0,0,0,1,1,
1,1,0,0,0,0,0,1,
1,1,0,0,0,0,1,1,
1,1,1,0,0,1,1,1,
0,0,0,0,0,0,0,0,
0,1,1,1,1,1,1,0,
2,2,1,0,0,1,2,2,
2,2,1,0,0,0,1,2,
1,2,2,2,1,1,2,1,
1,2,2,1,2,2,2,1,
2,2,0,0,0,0,2,2,
2,2,0,0,0,0,1,2,
1,1,1,0,0,1,1,1,

Width:13,Height:16

Left:2,Right:10,Top:1,Bottom:15

Left:2,Right:10,Top:0,Bottom:16
0,0,0,0,0,0,0,0,
0,1,1,1,1,1,1,0,
1,1,1,0,0,0,1,1,
1,1,0,0,0,0,1,1,
1,1,0,0,0,0,0,1,
1,1,1,0,0,0,1,1,
1,1,1,1,0,0,1,1,
0,1,1,1,1,1,1,0,
0,1,1,1,1,1,1,0,
1,1,1,0,0,1,1,1,
1,1,0,0,0,0,1,1,
1,1,0,0,0,0,1,1,
1,1,0,0,0,0,0,1,
1,1,1,0,0,0,1,1,
0,1,1,0,0,1,1,1,
0,0,0,0,0,0,0,0,
0,1,1,1,1,1,1,0,
2,2,1,0,0,0,2,2,
2,2,1,0,0,0,1,2,
1,2,2,2,1,1,2,1,
1,2,2,1,1,2,2,1,
2,2,0,0,0,0,2,2,
2,2,1,0,0,0,1,2,
0,1,1,0,0,1,1,1,

Width:11,Height:16

Left:2,Right:10,Top:1,Bottom:15

Left:2,Right:10,Top:0,Bottom:16
0,0,0,0,0,0,0,0,
0,0,1,1,1,1,1,1,
0,1,1,1,0,0,1,1,
1,1,1,0,0,0,0,1,
1,1,0,0,0,0,0,1,
1,1,1,0,0,0,0,1,
0,1,1,1,0,0,1,1,
0,1,1,1,1,1,1,1,
0,0,1,1,1,1,1,1,
0,1,1,0,0,1,1,1,
1,1,1,0,0,0,1,1,
1,1,0,0,0,0,0,1,
1,1,0,0,0,0,0,1,
1,1,1,0,0,0,0,1,
0,1,1,1,0,0,1,1,
0,0,0,0,0,0,0,0,
0,0,1,1,1,1,1,1,
1,2,2,1,0,0,1,2,
2,2,1,0,0,0,0,2,
0,2,2,2,1,1,2,2,
0,1,2,1,1,2,2,2,
2,2,1,0,0,0,1,2,
2,2,1,0,0,0,0,2,
0,1,1,1,0,0,1,1,

Width:12,Height:18

Left:2,Right:10,Top:1,Bottom:18

Left:2,Right:10,Top:1,Bottom:17
0,0,1,1,1,1,1,1,
0,1,1,1,0,0,1,1,
0,1,1,0,0,0,0,1,
1,1,1,0,0,0,0,1,
0,1,1,0,0,0,0,1,
0,1,1,1,0,0,0,1,
0,1,1,1,1,1,1,1,
0,0,1,1,1,1,1,1,
0,1,1,0,1,1,1,1,
0,1,1,0,0,0,1,1,
0,1,1,0,0,0,0,1,
1,1,1,0,0,0,0,1,
0,1,1,0,0,0,0,1,
0,1,1,1,0,0,1,1,
0,0,1,1,1,1,1,1,
0,0,0,1,1,1,1,0,
0,1,2,2,1,1,2,2,
1,2,2,0,0,0,0,2,
0,2,2,1,0,0,0,2,
0,1,2,2,2,2,2,2,
0,2,2,0,1,1,2,2,
1,2,2,0,0,0,0,2,
0,2,2,1,0,0,1,2,
0,0,1,2,2,2,2,1,

Width:10,Height:18

Left:2,Right:9,Top:1,Bottom:18

Left:2,Right:10,Top:1,Bottom:17
0,0,1,1,1,1,1,0,
0,1,1,1,0,0,1,0,
0,1,1,0,0,0,0,0,
1,1,1,0,0,0,0,0,
0,1,1,0,0,0,0,0,
0,1,1,1,0,0,0,0,
0,1,1,1,1,1,1,0,
0,0,1,1,1,1,1,0,
0,1,1,0,1,1,1,0,
0,1,1,0,0,0,1,0,
0,1,1,0,0,0,0,0,
1,1,1,0,0,0,0,0,
0,1,1,0,0,0,0,0,
0,1,1,1,0,0,1,0,
0,0,1,1,1,1,1,0,
0,0,0,0,1,1,0,0,
0,1,2,2,1,1,2,0,
1,2,2,0,0,0,0,0,
0,2,2,1,0,0,0,0,
0,1,2,2,2,2,2,0,
0,2,2,0,1,1,2,0,
1,2,2,0,0,0,0,0,
0,2,2,1,0,0,1,0,
0,0,1,1,2,2,1,0,

Width:12,Height:17

Left:2,Right:10,Top:1,Bottom:16

Left:2,Right:10,Top:0,Bottom:16
0,0,0,0,0,0,0,0,
0,0,1,1,1,1,0,0,
0,1,1,1,1,1,1,0,
1,1,1,0,0,1,1,1,
1,1,0,0,0,0,1,1,
1,1,0,0,0,0,1,1,
1,1,1,0,0,0,1,1,
1,1,1,1,0,1,1,1,
0,1,1,1,1,1,1,0,
0,1,1,1,1,1,1,0,
1,1,0,0,0,1,1,1,
1,1,0,0,0,0,1,1,
1,1,0,0,0,0,1,1,
1,1,0,0,0,0,1,1,
1,1,0,0,0,0,1,1,
1,1,1,0,0,1,1,1,
0,0,1,1,1,1,0,0,
1,2,2,1,1,2,2,1,
2,2,0,0,0,0,2,2,
2,2,2,1,0,1,2,2,
0,2,2,2,2,2,2,0,
2,2,0,0,0,1,2,2,
2,2,0,0,0,0,2,2,
2,2,1,0,0,1,2,2,

Width:13,Height:16

Left:2,Right:10,Top:1,Bottom:15

Left:2,Right:10,Top:0,Bottom:16
0,0,0,0,0,0,0,0,
0,0,1,1,1,1,1,0,
0,1,1,0,0,1,1,1,
1,1,0,0,0,0,1,1,
1,1,0,0,0,0,0,1,
1,1,1,0,0,0,0,1,
1,1,1,1,0,0,1,1,
0,1,1,1,1,1,1,1,
0,0,1,1,1,1,1,0,
0,1,1,0,1,1,1,1,
1,1,1,0,0,0,1,1,
1,1,0,0,0,0,1,1,
1,1,0,0,0,0,0,1,
1,1,1,0,0,0,0,1,
1,1,1,0,0,0,1,1,
0,0,0,0,0,0,0,0,
0,0,1,1,1,1,1,0,
1,2,1,0,0,1,2,2,
2,2,1,0,0,0,0,2,
1,2,2,2,1,1,2,2,
0,1,2,1,2,2,2,1,
2,2,1,0,0,0,2,2,
2,2,1,0,0,0,0,2,
1,1,1,0,0,0,1,1,

Width:12,Height:18

Left:2,Right:10,Top:1,Bottom:18

Left:2,Right:10,Top:1,Bottom:17
0,0,1,1,1,1,1,1,
0,1,1,1,0,0,1,1,
0,1,1,0,0,0,0,1,
1,1,1,0,0,0,0,1,
0,1,1,0,0,0,0,1,
0,1,1,1,0,0,0,1,
0,1,1,1,1,1,1,1,
0,0,1,1,1,1,1,1,
0,1,1,0,1,1,1,1,
0,1,1,0,0,0,1,1,
0,1,1,0,0,0,0,1,
1,1,1,0,0,0,0,1,
0,1,1,0,0,0,0,1,
0,1,1,1,0,0,1,1,
0,0,1,1,1,1,1,1,
0,0,0,1,1,1,1,0,
0,1,2,2,1,1,2,2,
1,2,2,0,0,0,0,2,
0,2,2,1,0,0,0,2,
0,1,2,2,2,2,2,2,
0,2,2,0,1,1,2,2,
1,2,2,0,0,0,0,2,
0,2,2,1,0,0,1,2,
0,0,1,2,2,2,2,1,

Width:11,Height:16

Left:2,Right:10,Top:1,Bottom:15

Left:2,Right:10,Top:0,Bottom:16
0,0,0,0,0,0,0,0,
0,0,1,1,1,1,1,1,
0,1,1,1,0,0,1,1,
1,1,1,0,0,0,0,1,
1,1,0,0,0,0,0,1,
1,1,1,0,0,0,0,1,
0,1,1,1,0,0,1,1,
0,1,1,1,1,1,1,1,
0,0,1,1,1,1,1,1,
0,1,1,0,0,1,1,1,
1,1,1,0,0,0,1,1,
1,1,0,0,0,0,0,1,
1,1,0,0,0,0,0,1,
1,1,1,0,0,0,0,1,
0,1,1,1,0,0,1,1,
0,0,0,0,0,0,0,0,
0,0,1,1,1,1,1,1,
1,2,2,1,0,0,1,2,
2,2,1,0,0,0,0,2,
0,2,2,2,1,1,2,2,
0,1,2,1,1,2,2,2,
2,2,1,0,0,0,1,2,
2,2,1,0,0,0,0,2,
0,1,1,1,0,0,1,1,

Width:12,Height:17

Left:2,Right:10,Top:1,Bottom:16

Left:2,Right:10,Top:0,Bottom:16
0,0,0,0,0,0,0,0,
0,0,1,1,1,1,0,0,
0,1,1,1,1,1,1,0,
1,1,1,0,0,1,1,1,
1,1,0,0,0,0,1,1,
1,1,0,0,0,0,1,1,
1,1,1,0,0,0,1,1,
1,1,1,1,0,1,1,1,
0,1,1,1,1,1,1,0,
0,1,1,1,1,1,1,0,
1,1,0,0,0,1,1,1,
1,1,0,0,0,0,1,1,
1,1,0,0,0,0,1,1,
1,1,0,0,0,0,1,1,
1,1,0,0,0,0,1,1,
1,1,1,0,0,1,1,1,
0,0,1,1,1,1,0,0,
1,2,2,1,1,2,2,1,
2,2,0,0,0,0,2,2,
2,2,2,1,0,1,2,2,
0,2,2,2,2,2,2,0,
2,2,0,0,0,1,2,2,
2,2,0,0,0,0,2,2,
2,2,1,0,0,1,2,2,

Width:12,Height:16

Left:2,Right:10,Top:1,Bottom:15

Left:2,Right:10,Top:0,Bottom:16
0,0,0,0,0,0,0,0,
0,1,1,1,1,1,1,0,
1,1,1,0,0,1,1,1,
1,1,0,0,0,0,1,1,
1,1,0,0,0,0,0,1,
1,1,1,0,0,0,1,1,
1,1,1,1,0,0,1,1,
0,1,1,1,1,1,1,0,
0,1,1,1,1,1,1,0,
1,1,1,0,1,1,1,1,
1,1,0,0,0,0,1,1,
1,1,0,0,0,0,1,1,
1,1,0,0,0,0,0,1,
1,1,0,0,0,0,1,1,
1,1,1,0,0,1,1,1,
0,0,0,0,0,0,0,0,
0,1,1,1,1,1,1,0,
2,2,1,0,0,1,2,2,
2,2,1,0,0,0,1,2,
1,2,2,2,1,1,2,1,
1,2,2,1,2,2,2,1,
2,2,0,0,0,0,2,2,
2,2,0,0,0,0,1,2,
1,1,1,0,0,1,1,1,

Width:12,Height:16

Left:2,Right:10,Top:1,Bottom:15

Left:2,Right:10,Top:0,Bottom:16
0,0,0,0,0,0,0,0,
0,1,1,1,1,1,1,0,
1,1,1,0,0,1,1,1,
1,1,0,0,0,0,1,1,
1,1,0,0,0,0,0,1,
1,1,1,0,0,0,1,1,
1,1,1,1,0,0,1,1,
0,1,1,1,1,1,1,0,
0,1,1,1,1,1,1,0,
1,1,1,0,0,1,1,1,
1,1,0,0,0,0,1,1,
1,1,0,0,0,0,1,1,
1,1,0,0,0,0,0,1,
1,1,0,0,0,0,1,1,
1,1,1,0,0,1,1,1,
0,0,0,0,0,0,0,0,
0,1,1,1,1,1,1,0,
2,2,1,0,0,1,2,2,
2,2,1,0,0,0,1,2,
1,2,2,2,1,1,2,1,
1,2,2,1,1,2,2,1,
2,2,0,0,0,0,2,2,
2,2,0,0,0,0,1,2,
1,1,1,0,0,1,1,1,

Width:12,Height:16

Left:2,Right:10,Top:1,Bottom:15

Left:2,Right:10,Top:0,Bottom:16
0,0,0,0,0,0,0,0,
0,0,1,1,1,1,1,1,
0,1,1,1,0,0,1,1,
1,1,1,0,0,0,0,1,
1,1,0,0,0,0,0,1,
1,1,1,0,0,0,0,1,
0,1,1,1,0,0,1,1,
0,1,1,1,1,1,1,1,
0,0,1,1,1,1,1,1,
0,1,1,0,0,1,1,1,
1,1,1,0,0,0,1,1,
1,1,0,0,0,0,0,1,
1,1,1,0,0,0,0,1,
1,1,1,0,0,0,0,1,
0,1,1,1,0,0,1,1,
0,0,0,0,0,0,0,0,
0,0,1,1,1,1,1,1,
1,2,2,1,0,0,1,2,
2,2,1,0,0,0,0,2,
0,2,2,2,1,1,2,2,
0,1,2,1,1,2,2,2,
2,2,1,0,0,0,1,2,
2,2,2,0,0,0,0,2,
0,1,1,1,0,0,1,1,

Width:12,Height:16

Left:2,Right:10,Top:1,Bottom:15

Left:2,Right:10,Top:0,Bottom:16
0,0,0,0,0,0,0,0,
0,1,1,1,1,1,1,0,
1,1,1,0,0,1,1,1,
1,1,0,0,0,0,1,1,
1,1,0,0,0,0,0,1,
1,1,1,0,0,0,1,1,
1,1,1,1,0,0,1,1,
0,1,1,1,1,1,1,0,
0,1,1,1,1,1,1,0,
1,1,1,0,0,1,1,1,
1,1,0,0,0,0,1,1,
1,1,0,0,0,0,1,1,
1,1,0,0,0,0,0,1,
1,1,1,0,0,0,1,1,
1,1,1,0,0,1,1,1,
0,0,0,0,0,0,0,0,
0,1,1,1,1,1,1,0,
2,2,1,0,0,1,2,2,
2,2,1,0,0,0,1,2,
1,2,2,2,1,1,2,1,
1,2,2,1,1,2,2,1,
2,2,0,0,0,0,2,2,
2,2,1,0,0,0,1,2,
1,1,1,0,0,1,1,1,

Width:12,Height:17

Left:2,Right:10,Top:1,Bottom:16

Left:2,Right:10,Top:0,Bottom:16
0,0,0,0,0,0,0,0,
0,0,1,1,1,1,0,0,
0,1,1,1,1,1,1,0,
1,1,1,0,0,0,1,1,
1,1,0,0,0,0,1,1,
1,1,0,0,0,0,1,1,
1,1,1,0,0,0,1,1,
1,1,1,1,0,0,1,1,
0,1,1,1,1,1,1,0,
0,1,1,1,1,1,1,0,
1,1,1,0,0,1,1,1,
1,1,0,0,0,0,1,1,
1,1,0,0,0,0,1,1,
1,1,0,0,0,0,0,1,
1,1,1,0,0,0,1,1,
1,1,1,0,0,1,1,1,
0,0,1,1,1,1,0,0,
1,2,2,1,1,1,2,1,
2,2,0,0,0,0,2,2,
2,2,2,1,0,0,2,2,
0,2,2,2,2,2,2,0,
2,2,1,0,0,1,2,2,
2,2,0,0,0,0,1,2,
2,2,2,0,0,1,2,2,

Width:13,Height:17

Left:2,Right:10,Top:1,Bottom:16

Left:2,Right:10,Top:0,Bottom:16
0,0,0,0,0,0,0,0,
0,0,1,1,1,1,1,0,
0,1,1,0,0,1,1,1,
1,1,0,0,0,0,1,1,
1,1,0,0,0,0,0,1,
1,1,1,0,0,0,1,1,
1,1,1,0,0,0,1,1,
0,1,1,1,1,1,1,1,
0,1,1,1,1,1,1,0,
0,1,1,0,1,1,1,1,
1,1,1,0,0,1,1,1,
1,1,0,0,0,0,1,1,
1,1,0,0,0,0,0,1,
1,1,0,0,0,0,0,1,
1,1,1,0,0,0,1,1,
0,1,1,1,1,1,1,1,
0,0,1,1,1,1,1,0,
1,2,1,0,0,1,2,2,
2,2,1,0,0,0,1,2,
1,2,2,1,1,1,2,2,
0,2,2,1,2,2,2,1,
2,2,1,0,0,1,2,2,
2,2,0,0,0,0,0,2,
1,2,2,1,1,1,2,2,

Width:12,Height:17

Left:2,Right:10,Top:1,Bottom:16

Left:2,Right:10,Top:0,Bottom:16
0,0,0,0,0,0,0,0,
0,0,1,1,1,1,1,0,
0,1,1,1,0,1,1,1,
1,1,1,0,0,0,1,1,
1,1,0,0,0,0,0,1,
1,1,1,0,0,0,0,1,
1,1,1,1,0,0,1,1,
0,1,1,1,1,1,1,1,
0,0,1,1,1,1,1,0,
0,1,1,0,1,1,1,1,
1,1,1,0,0,0,1,1,
1,1,1,0,0,0,1,1,
1,1,0,0,0,0,0,1,
1,1,1,0,0,0,0,1,
1,1,1,0,0,0,1,1,
0,1,1,1,0,1,1,1,
0,0,1,1,1,1,1,0,
1,2,2,1,0,1,2,2,
2,2,1,0,0,0,0,2,
1,2,2,2,1,1,2,2,
0,1,2,1,2,2,2,1,
2,2,2,0,0,0,2,2,
2,2,1,0,0,0,0,2,
1,2,2,1,0,1,2,2,

Width:12,Height:17

Left:2,Right:10,Top:1,Bottom:16

Left:2,Right:10,Top:0,Bottom:16
0,0,0,0,0,0,0,0,
0,0,1,1,1,1,1,0,
0,1,1,1,0,1,1,1,
1,1,1,0,0,0,1,1,
1,1,0,0,0,0,0,1,
1,1,1,0,0,0,0,1,
1,1,1,1,0,0,1,1,
0,1,1,1,1,1,1,1,
0,0,1,1,1,1,1,0,
0,1,1,0,1,1,1,1,
1,1,1,0,0,0,1,1,
1,1,1,0,0,0,1,1,
1,1,0,0,0,0,0,1,
1,1,1,0,0,0,0,1,
1,1,1,0,0,0,1,1,
0,1,1,1,1,1,1,1,
0,0,1,1,1,1,1,0,
1,2,2,1,0,1,2,2,
2,2,1,0,0,0,0,2,
1,2,2,2,1,1,2,2,
0,1,2,1,2,2,2,1,
2,2,2,0,0,0,2,2,
2,2,1,0,0,0,0,2,
1,2,2,1,1,1,2,2,

Width:12,Height:17

Left:2,Right:10,Top:1,Bottom:16

Left:2,Right:10,Top:0,Bottom:16
0,0,0,0,0,0,0,0,
0,0,1,1,1,1,1,0,
0,1,1,1,0,0,1,1,
1,1,1,0,0,0,1,1,
1,1,0,0,0,0,0,1,
1,1,1,0,0,0,0,1,
1,1,1,1,0,0,1,1,
0,1,1,1,1,1,1,1,
0,0,1,1,1,1,1,0,
0,1,1,0,1,1,1,1,
1,1,1,0,0,0,1,1,
1,1,1,0,0,0,1,1,
1,1,0,0,0,0,0,1,
1,1,1,0,0,0,0,1,
0,1,1,0,0,0,1,1,
0,1,1,1,1,1,1,1,
0,0,1,1,1,1,1,0,
1,2,2,1,0,0,2,2,
2,2,1,0,0,0,0,2,
1,2,2,2,1,1,2,2,
0,1,2,1,2,2,2,1,
2,2,2,0,0,0,2,2,
2,2,1,0,0,0,0,2,
0,2,2,1,1,1,2,2,

Width:12,Height:17

Left:2,Right:10,Top:1,Bottom:16

Left:2,Right:10,Top:0,Bottom:16
0,0,0,0,0,0,0,0,
0,0,1,1,1,1,1,0,
1,1,1,0,0,1,1,1,
1,1,0,0,0,0,1,1,
1,1,0,0,0,0,0,1,
1,1,0,0,0,0,1,1,
1,1,1,0,0,0,1,1,
0,1,1,1,1,1,1,1,
0,1,1,1,1,1,1,0,
1,1,1,0,1,1,1,1,
1,1,1,0,0,1,1,1,
1,1,0,0,0,0,1,1,
1,1,0,0,0,0,1,1,
1,1,0,0,0,0,1,1,
1,1,1,0,0,0,1,1,
0,1,1,1,1,1,1,1,
0,0,1,1,1,1,1,0,
2,2,1,0,0,1,2,2,
2,2,0,0,0,0,1,2,
1,2,2,1,1,1,2,2,
1,2,2,1,2,2,2,1,
2,2,1,0,0,1,2,2,
2,2,0,0,0,0,2,2,
1,2,2,1,1,1,2,2,

Width:13,Height:16

Left:2,Right:10,Top:1,Bottom:15

Left:2,Right:10,Top:0,Bottom:16
0,0,0,0,0,0,0,0,
0,0,1,1,1,1,1,0,
0,1,1,0,0,1,1,1,
1,1,0,0,0,0,1,1,
1,1,0,0,0,0,0,1,
1,1,1,0,0,0,0,1,
1,1,1,1,0,0,1,1,
0,1,1,1,1,1,1,1,
0,0,1,1,1,1,1,0,
0,1,1,0,1,1,1,1,
1,1,1,0,0,0,1,1,
1,1,0,0,0,0,1,1,
1,1,0,0,0,0,0,1,
1,1,1,0,0,0,0,1,
1,1,1,0,0,0,1,1,
0,0,0,0,0,0,0,0,
0,0,1,1,1,1,1,0,
1,2,1,0,0,1,2,2,
2,2,1,0,0,0,0,2,
1,2,2,2,1,1,2,2,
0,1,2,1,2,2,2,1,
2,2,1,0,0,0,2,2,
2,2,1,0,0,0,0,2,
1,1,1,0,0,0,1,1,

Width:13,Height:16

Left:2,Right:10,Top:1,Bottom:15

Left:2,Right:10,Top:0,Bottom:16
0,0,0,0,0,0,0,0,
0,1,1,1,1,1,1,0,
1,1,1,0,0,0,1,1,
1,1,0,0,0,0,1,1,
1,1,0,0,0,0,0,1,
1,1,1,0,0,0,1,1,
1,1,1,1,0,0,1,1,
0,1,1,1,1,1,1,0,
0,1,1,1,1,1,1,0,
1,1,1,0,0,1,1,1,
1,1,0,0,0,0,1,1,
1,1,0,0,0,0,1,1,
1,1,0,0,0,0,0,1,
1,1,1,0,0,0,1,1,
0,1,1,0,0,1,1,1,
0,0,0,0,0,0,0,0,
0,1,1,1,1,1,1,0,
2,2,1,0,0,0,2,2,
2,2,1,0,0,0,1,2,
1,2,2,2,1,1,2,1,
1,2,2,1,1,2,2,1,
2,2,0,0,0,0,2,2,
2,2,1,0,0,0,1,2,
0,1,1,0,0,1,1,1,

Width:13,Height:17

Left:2,Right:10,Top:1,Bottom:16

Left:2,Right:10,Top:0,Bottom:16
0,0,0,0,0,0,0,0,
0,0,1,1,1,1,1,1,
0,1,1,1,0,0,1,1,
0,1,1,0,0,0,0,1,
1,1,1,0,0,0,0,1,
1,1,1,0,0,0,0,1,
0,1,1,1,0,0,0,1,
0,1,1,1,1,1,1,1,
0,0,1,1,1,1,1,1,
0,1,1,0,1,1,1,1,
0,1,1,0,0,0,1,1,
1,1,1,0,0,0,0,1,
1,1,1,0,0,0,0,1,
1,1,1,0,0,0,0,1,
0,1,1,1,0,0,1,1,
0,0,1,1,1,1,1,1,
0,0,1,1,1,1,1,1,
0,2,2,1,0,0,1,2,
2,2,2,0,0,0,0,2,
0,2,2,2,1,1,1,2,
0,1,2,1,2,2,2,2,
1,2,2,0,0,0,1,2,
2,2,2,0,0,0,0,2,
0,1,2,2,1,1,2,2,

Width:13,Height:17

Left:2,Right:10,Top:1,Bottom:16

Left:2,Right:10,Top:0,Bottom:16
0,0,0,0,0,0,0,0,
0,0,1,1,1,1,1,0,
1,1,1,0,0,1,1,1,
1,1,0,0,0,0,1,1,
1,1,0,0,0,0,1,1,
1,1,0,0,0,0,1,1,
1,1,1,0,0,0,1,1,
0,1,1,1,1,1,1,1,
0,1,1,1,1,1,1,0,
1,1,1,1,1,1,1,1,
1,1,0,0,0,1,1,1,
1,1,0,0,0,0,1,1,
1,1,0,0,0,0,1,1,
1,1,0,0,0,0,1,1,
1,1,1,0,0,0,1,1,
0,1,1,1,1,1,1,1,
0,0,1,1,1,1,1,0,
2,2,1,0,0,1,2,2,
2,2,0,0,0,0,2,2,
1,2,2,1,1,1,2,2,
1,2,2,2,2,2,2,1,
2,2,0,0,0,1,2,2,
2,2,0,0,0,0,2,2,
1,2,2,1,1,1,2,2,

Width:13,Height:17

Left:2,Right:10,Top:1,Bottom:16

Left:2,Right:10,Top:0,Bottom:16
0,0,0,0,0,0,0,0,
0,0,1,1,1,1,1,1,
0,1,1,1,0,0,1,1,
0,1,1,0,0,0,0,1,
1,1,1,0,0,0,0,1,
1,1,1,0,0,0,0,1,
0,1,1,1,0,0,0,1,
0,1,1,1,1,1,1,1,
0,0,1,1,1,1,1,1,
0,1,1,0,1,1,1,1,
0,1,1,0,0,0,1,1,
1,1,1,0,0,0,0,1,
1,1,1,0,0,0,0,1,
1,1,1,0,0,0,0,1,
0,1,1,1,0,0,1,1,
0,0,1,1,1,1,1,1,
0,0,1,1,1,1,1,1,
0,2,2,1,0,0,1,2,
2,2,2,0,0,0,0,2,
0,2,2,2,1,1,1,2,
0,1,2,1,2,2,2,2,
1,2,2,0,0,0,1,2,
2,2,2,0,0,0,0,2,
0,1,2,2,1,1,2,2,

Width:11,Height:17

Left:2,Right:10,Top:1,Bottom:16

Left:2,Right:10,Top:0,Bottom:16
0,0,0,0,0,0,0,0,
0,0,1,1,1,1,1,0,
0,1,1,1,0,1,1,1,
1,1,1,0,0,0,1,1,
1,1,0,0,0,0,0,1,
1,1,1,0,0,0,0,1,
1,1,1,1,0,0,1,1,
0,1,1,1,1,1,1,1,
0,0,1,1,1,1,1,0,
0,1,1,0,1,1,1,1,
1,1,1,0,0,0,1,1,
1,1,0,0,0,0,1,1,
1,1,0,0,0,0,0,1,
1,1,1,0,0,0,0,1,
1,1,1,0,0,0,1,1,
0,1,1,1,1,1,1,1,
0,0,1,1,1,1,1,0,
1,2,2,1,0,1,2,2,
2,2,1,0,0,0,0,2,
1,2,2,2,1,1,2,2,
0,1,2,1,2,2,2,1,
2,2,1,0,0,0,2,2,
2,2,1,0,0,0,0,2,
1,2,2,1,1,1,2,2,

Width:13,Height:17

Left:2,Right:10,Top:1,Bottom:16

Left:2,Right:10,Top:0,Bottom:16
0,0,0,0,0,0,0,0,
0,0,1,1,1,1,1,1,
0,1,1,1,0,0,1,1,
0,1,1,0,0,0,0,1,
1,1,1,0,0,0,0,1,
0,1,1,0,0,0,0,1,
0,1,1,1,0,0,0,1,
0,1,1,1,1,1,1,1,
0,0,1,1,1,1,1,1,
0,1,1,0,1,1,1,1,
0,1,1,0,0,0,1,1,
0,1,1,0,0,0,0,1,
1,1,1,0,0,0,0,1,
0,1,1,0,0,0,0,1,
0,1,1,1,0,0,1,1,
0,0,1,1,1,1,1,1,
0,0,1,1,1,1,1,1,
0,2,2,1,0,0,1,2,
1,2,2,0,0,0,0,2,
0,2,2,2,1,1,1,2,
0,1,2,1,2,2,2,2,
0,2,2,0,0,0,1,2,
1,2,2,0,0,0,0,2,
0,1,2,2,1,1,2,2,

Width:13,Height:17

Left:2,Right:10,Top:1,Bottom:16

Left:2,Right:10,Top:0,Bottom:16
0,0,0,0,0,0,0,0,
0,1,1,1,1,1,1,0,
1,1,1,0,0,1,1,1,
1,1,0,0,0,0,1,1,
1,1,0,0,0,0,0,1,
1,1,0,0,0,0,1,1,
1,1,1,0,0,0,1,1,
0,1,1,1,1,1,1,1,
0,1,1,1,1,1,1,0,
1,1,1,0,1,1,1,1,
1,1,0,0,0,1,1,1,
1,1,0,0,0,0,1,1,
1,1,0,0,0,0,1,1,
1,1,0,0,0,0,1,1,
1,1,1,0,0,0,1,1,
0,1,1,1,1,1,1,0,
0,1,1,1,1,1,1,0,
2,2,1,0,0,1,2,2,
2,2,0,0,0,0,1,2,
1,2,2,1,1,1,2,2,
1,2,2,1,2,2,2,1,
2,2,0,0,0,1,2,2,
2,2,0,0,0,0,2,2,
1,2,2,1,1,1,2,1,

Width:13,Height:16

Left:2,Right:10,Top:1,Bottom:15

Left:2,Right:10,Top:0,Bottom:16
0,0,0,0,0,0,0,0,
0,1,1,1,1,1,1,0,
1,1,1,0,0,1,1,1,
1,1,0,0,0,0,1,1,
1,1,0,0,0,0,0,1,
1,1,1,0,0,0,1,1,
1,1,1,1,0,0,1,1,
0,1,1,1,1,1,1,1,
0,1,1,1,1,1,1,0,
1,1,1,0,1,1,1,1,
1,1,1,0,0,0,1,1,
1,1,0,0,0,0,1,1,
1,1,0,0,0,0,0,1,
1,1,1,0,0,0,1,1,
1,1,1,0,0,0,1,1,
0,0,0,0,0,0,0,0,
0,1,1,1,1,1,1,0,
2,2,1,0,0,1,2,2,
2,2,1,0,0,0,1,2,
1,2,2,2,1,1,2,2,
1,2,2,1,2,2,2,1,
2,2,1,0,0,0,2,2,
2,2,1,0,0,0,1,2,
1,1,1,0,0,0,1,1,

Width:10,Height:18

Left:2,Right:9,Top:1,Bottom:18

Left:2,Right:10,Top:1,Bottom:17
0,0,1,1,1,1,1,0,
0,1,1,1,0,0,1,0,
0,1,1,0,0,0,0,0,
1,1,1,0,0,0,0,0,
0,1,1,0,0,0,0,0,
0,1,1,1,0,0,0,0,
0,1,1,1,1,1,1,0,
0,0,1,1,1,1,1,0,
0,1,1,0,1,1,1,0,
0,1,1,0,0,0,1,0,
0,1,1,0,0,0,0,0,
1,1,1,0,0,0,0,0,
0,1,1,0,0,0,0,0,
0,1,1,1,0,0,1,0,
0,0,1,1,1,1,1,0,
0,0,0,0,1,1,0,0,
0,1,2,2,1,1,2,0,
1,2,2,0,0,0,0,0,
0,2,2,1,0,0,0,0,
0,1,2,2,2,2,2,0,
0,2,2,0,1,1,2,0,
1,2,2,0,0,0,0,0,
0,2,2,1,0,0,1,0,
0,0,1,1,2,2,1,0,

Width:12,Height:16

Left:2,Right:10,Top:1,Bottom:15

Left:2,Right:10,Top:0,Bottom:16
0,0,0,0,0,0,0,0,
0,1,1,1,1,1,1,0,
1,1,1,0,0,1,1,1,
1,1,0,0,0,0,1,1,
1,1,0,0,0,0,0,1,
1,1,1,0,0,0,1,1,
1,1,1,1,0,0,1,1,
0,1,1,1,1,1,1,1,
0,1,1,1,1,1,1,0,
1,1,1,0,1,1,1,1,
1,1,1,0,0,0,1,1,
1,1,0,0,0,0,1,1,
1,1,0,0,0,0,0,1,
1,1,1,0,0,0,1,1,
1,1,1,0,0,0,1,1,
0,0,0,0,0,0,0,0,
0,1,1,1,1,1,1,0,
2,2,1,0,0,1,2,2,
2,2,1,0,0,0,1,2,
1,2,2,2,1,1,2,2,
1,2,2,1,2,2,2,1,
2,2,1,0,0,0,2,2,
2,2,1,0,0,0,1,2,
1,1,1,0,0,0,1,1,

Width:12,Height:17

Left:2,Right:10,Top:1,Bottom:16

Left:2,Right:10,Top:0,Bottom:16
0,0,0,0,0,0,0,0,
0,0,1,1,1,1,1,0,
0,1,1,0,0,1,1,1,
1,1,0,0,0,0,1,1,
1,1,0,0,0,0,0,1,
1,1,0,0,0,0,1,1,
1,1,1,0,0,0,1,1,
0,1,1,1,1,1,1,1,
0,1,1,1,1,1,1,0,
1,1,1,0,1,1,1,1,
1,1,1,0,0,1,1,1,
1,1,0,0,0,0,1,1,
1,1,0,0,0,0,0,1,
1,1,0,0,0,0,1,1,
1,1,1,0,0,0,1,1,
0,1,1,1,1,1,1,1,
0,0,1,1,1,1,1,0,
1,2,1,0,0,1,2,2,
2,2,0,0,0,0,1,2,
1,2,2,1,1,1,2,2,
1,2,2,1,2,2,2,1,
2,2,1,0,0,1,2,2,
2,2,0,0,0,0,1,2,
1,2,2,1,1,1,2,2,
