40
pic\flag\agt.jpg  0.667969   0.149536   0.001587   0.025513   0.122803   0.014404   0.018188   0.000000   0.326416   0.101318   0.572266   0.003296   0.009888   0.986816 
pic\flag\aiji.jpg  0.522199   0.012671   0.002096   0.033155   0.070122   0.342702   0.014768   0.002287   0.654535   0.010957   0.334508   0.341463   0.009909   0.648628 
pic\flag\airlan.jpg  0.250488   0.015381   0.007935   0.344116   0.365967   0.007446   0.008423   0.000244   0.328125   0.008179   0.663696   0.000000   0.335938   0.664063 
pic\flag\alq.jpg  0.423623   0.001645   0.281353   0.013980   0.002878   0.263672   0.012130   0.000720   0.480160   0.010177   0.509663   0.244141   0.244346   0.511513 
pic\flag\aman.jpg  0.166016   0.020874   0.042603   0.190308   0.011475   0.557251   0.011108   0.000366   0.229858   0.023193   0.746948   0.000244   0.241089   0.758667 
pic\flag\aodili.jpg  0.258824   0.011765   0.000000   0.011765   0.047059   0.658824   0.011765   0.000000   0.352941   0.000000   0.647059   0.000000   0.000000   1.000000 
pic\flag\balin.jpg  0.200421   0.037861   0.009515   0.004708   0.016326   0.708133   0.018530   0.004507   0.307993   0.011218   0.680789   0.000200   0.013822   0.985978 
pic\flag\banama.jpg  0.543842   0.033548   0.022151   0.024816   0.065533   0.277757   0.029596   0.002757   0.480515   0.011213   0.508272   0.000092   0.257537   0.742371 
pic\flag\beinin.jpg  0.000000   0.000000   0.416574   0.042504   0.251860   0.289063   0.000000   0.000000   0.000000   0.000000   1.000000   0.012649   0.416109   0.571243 
pic\flag\bilu.jpg  0.250000   0.015625   0.000000   0.015625   0.023438   0.671875   0.023438   0.000000   0.328125   0.015625   0.656250   0.000000   0.000000   1.000000 
pic\flag\bingdao.jpg  0.686088   0.030215   0.013178   0.022214   0.016472   0.210373   0.020708   0.000753   0.161709   0.010730   0.827560   0.000000   0.000941   0.999059 
pic\flag\bolan.jpg  0.412598   0.000781   0.000684   0.023828   0.036230   0.500586   0.023926   0.001367   0.500000   0.003711   0.496289   0.000195   0.035352   0.964453 
pic\flag\danmai.jpg  0.168627   0.018434   0.000878   0.018961   0.023613   0.755530   0.013167   0.000790   0.265625   0.003599   0.730776   0.000000   0.000000   1.000000 
pic\flag\deguo.jpg  0.303797   0.000000   0.012658   0.000000   0.341772   0.341772   0.000000   0.000000   0.303797   0.000000   0.696203   0.341772   0.000000   0.658228 
pic\flag\egdr.jpg  0.234375   0.015625   0.000000   0.000000   0.500000   0.250000   0.000000   0.000000   0.000000   0.015625   0.984375   0.015625   0.234375   0.750000 
pic\flag\eluosi.jpg  0.620956   0.013971   0.000092   0.000276   0.013971   0.350276   0.000368   0.000092   0.329596   0.015441   0.654963   0.000000   0.043934   0.956066 
pic\flag\faguo.jpg  0.542504   0.008557   0.001302   0.008464   0.015904   0.350911   0.008464   0.063895   0.336031   0.011161   0.652809   0.000000   0.000186   0.999814 
pic\flag\fenlan.jpg  0.789458   0.023734   0.027987   0.038271   0.083267   0.005044   0.030063   0.002176   0.704114   0.011669   0.284217   0.000396   0.052314   0.947290 
pic\flag\gangguo.jpg  0.000000   0.000092   0.333180   0.109743   0.232996   0.323989   0.000000   0.000000   0.000000   0.003860   0.996140   0.007904   0.340533   0.651563 
pic\flag\guba.jpg  0.607332   0.038702   0.022476   0.011418   0.059375   0.217308   0.031611   0.011779   0.309135   0.047356   0.643510   0.000000   0.024279   0.975721 
pic\flag\helan.jpg  0.565533   0.055790   0.023438   0.002941   0.011857   0.338971   0.000551   0.000919   0.341176   0.011765   0.647059   0.003493   0.344210   0.652298 
pic\flag\jiana.jpg  0.005723   0.000273   0.328034   0.135719   0.195494   0.327671   0.000636   0.006450   0.000363   0.006632   0.993005   0.036246   0.330305   0.633448 
pic\flag\jieke.jpg  0.459860   0.003861   0.016164   0.026042   0.031430   0.372216   0.014458   0.075970   0.367816   0.002694   0.629490   0.019307   0.023707   0.956986 
pic\flag\jnd.jpg  0.144473   0.055154   0.020639   0.013993   0.030434   0.693680   0.034865   0.006763   0.326609   0.026936   0.646455   0.000000   0.000000   1.000000 
pic\flag\mxg.jpg  0.153039   0.024829   0.026541   0.359054   0.062714   0.344071   0.022688   0.007063   0.297303   0.013057   0.689640   0.005351   0.377354   0.617295 
pic\flag\njlg.jpg  0.837068   0.034642   0.007607   0.054585   0.056127   0.003392   0.004009   0.002570   0.318668   0.029605   0.651727   0.000000   0.009252   0.990748 
pic\flag\nuowei.jpg  0.228915   0.026546   0.013441   0.008317   0.032510   0.672295   0.015373   0.002604   0.136761   0.041499   0.821741   0.000000   0.175067   0.824933 
pic\flag\riben.jpg  0.676562   0.042555   0.021048   0.005055   0.015074   0.217831   0.018382   0.003493   0.792831   0.006158   0.201011   0.000276   0.038603   0.961121 
pic\flag\ruidian.jpg  0.679688   0.018097   0.000000   0.012263   0.289953   0.000000   0.000000   0.000000   0.000198   0.023042   0.976760   0.000000   0.050336   0.949664 
pic\flag\ruishi.jpg  0.089627   0.030924   0.016710   0.010851   0.025608   0.817057   0.008789   0.000434   0.197917   0.011719   0.790365   0.000000   0.001194   0.998806 
pic\flag\wlgui.jpg  0.485294   0.138143   0.024449   0.070588   0.178768   0.046048   0.037868   0.018842   0.555331   0.076563   0.368107   0.000276   0.032996   0.966728 
pic\flag\xila.jpg  0.543474   0.159099   0.035294   0.029596   0.171048   0.013511   0.046875   0.001103   0.429779   0.044393   0.525827   0.000000   0.000000   1.000000 
pic\flag\xyl.jpg  0.224719   0.000000   0.359551   0.056180   0.011236   0.337079   0.011236   0.000000   0.325843   0.011236   0.662921   0.011236   0.325843   0.662921 
pic\flag\ydl.jpg  0.257813   0.015625   0.343750   0.015625   0.015625   0.335938   0.015625   0.000000   0.328125   0.015625   0.656250   0.000000   0.335938   0.664063 
pic\flag\yemen.jpg  0.565165   0.056158   0.023529   0.002482   0.011489   0.339798   0.000551   0.000827   0.670588   0.014062   0.315349   0.340993   0.005055   0.653952 
pic\flag\ying.jpg  0.338790   0.075893   0.016865   0.022197   0.061756   0.429191   0.046627   0.008681   0.332837   0.067956   0.599206   0.004464   0.296007   0.699529 
pic\flag\yini.jpg  0.416832   0.010995   0.020255   0.000000   0.010913   0.519676   0.020255   0.001075   0.500000   0.000248   0.499752   0.000579   0.035797   0.963624 
pic\flag\ysl.jpg  0.659235   0.112535   0.087079   0.052581   0.067767   0.006496   0.012904   0.001404   0.648964   0.011850   0.339185   0.000614   0.037482   0.961903 
pic\flag\yuedan.jpg  0.405151   0.009644   0.288330   0.012817   0.010010   0.262695   0.008789   0.002563   0.458496   0.006836   0.534668   0.297119   0.273804   0.429077 
pic\flag\zhili.jpg  0.453574   0.015445   0.001257   0.006196   0.004580   0.508082   0.010327   0.000539   0.336117   0.010057   0.653825   0.000000   0.137482   0.862518 