40
pic\flower\E1453.jpg  0.125000   0.195752   0.226061   0.333333   0.152812   0.210152   0.333333   0.268446   0.289968 
pic\flower\E1454.jpg  0.125000   0.163905   0.149542   0.333333   0.239723   0.266618   0.333333   0.249752   0.246308 
pic\flower\E1455.jpg  0.125000   0.208232   0.260466   0.333333   0.327748   0.384864   0.333333   0.235011   0.232516 
pic\flower\E1456.jpg  0.125000   0.184021   0.188511   0.333333   0.335607   0.393048   0.333333   0.286692   0.327465 
pic\flower\E1458.jpg  0.125000   0.233770   0.297850   0.333333   0.280090   0.332472   0.333333   0.231181   0.210797 
pic\flower\E1459.jpg  0.125000   0.174749   0.178995   0.333333   0.298113   0.334850   0.333333   0.228352   0.216331 
pic\flower\E1461.jpg  0.125000   0.194017   0.230621   0.333333   0.276643   0.324874   0.333333   0.224386   0.263018 
pic\flower\TM141.jpg  0.125000   0.129082   0.113533   0.333333   0.252648   0.318254   0.333333   0.065046   0.110475 
pic\flower\TM146.jpg  0.125000   0.112827   0.077608   0.333333   0.171894   0.203356   0.333333   0.131233   0.191169 
pic\flower\TM164.jpg  0.125000   0.159907   0.174747   0.333333   0.257214   0.280324   0.333333   0.076314   0.118052 
pic\flower\TM166.jpg  0.125000   0.126263   0.077826   0.333333   0.226773   0.288829   0.333333   0.190665   0.245907 
pic\flower\tn_0003.jpg  0.125000   0.230183   0.293400   0.333333   0.254262   0.281314   0.333333   0.234914   0.259090 
pic\flower\tn_0004.jpg  0.125000   0.148442   0.145685   0.333333   0.203440   0.259874   0.333333   0.185878   0.223114 
pic\flower\tn_0006.jpg  0.125000   0.162182   0.178933   0.333333   0.193776   0.238449   0.333333   0.176109   0.209929 
pic\flower\tn_0007.jpg  0.125000   0.186288   0.207347   0.333333   0.231980   0.253560   0.333333   0.216546   0.227259 
pic\flower\tn_0009.jpg  0.125000   0.183416   0.214937   0.333333   0.222181   0.208068   0.333333   0.208277   0.201450 
pic\flower\tn_0014.jpg  0.125000   0.191256   0.211833   0.333333   0.262785   0.323349   0.333333   0.245414   0.286397 
pic\flower\tn_0015.jpg  0.125000   0.146465   0.156351   0.333333   0.233556   0.292023   0.333333   0.208152   0.256434 
pic\flower\tn_0016.jpg  0.125000   0.165960   0.177290   0.333333   0.156662   0.213904   0.333333   0.162181   0.187101 
pic\flower\tn_0017.jpg  0.125000   0.174712   0.198603   0.333333   0.274370   0.303590   0.333333   0.223160   0.255871 
pic\flower\tn_0018.jpg  0.125000   0.145696   0.133389   0.333333   0.264496   0.311439   0.333333   0.245898   0.279078 
pic\flower\tn_0019.jpg  0.125000   0.178430   0.219145   0.333333   0.157868   0.197879   0.333333   0.180842   0.188737 
pic\flower\tn_0021.jpg  0.125000   0.206475   0.263999   0.333333   0.145991   0.171228   0.333333   0.176585   0.194454 
pic\flower\tn_0023.jpg  0.125000   0.138590   0.126603   0.333333   0.254805   0.307746   0.333333   0.217150   0.275119 
pic\flower\tn_0024.jpg  0.125000   0.184084   0.208437   0.333333   0.183842   0.235674   0.333333   0.211677   0.211870 
pic\flower\tn_0026.jpg  0.125000   0.158255   0.163728   0.333333   0.264696   0.293924   0.333333   0.256149   0.293492 
pic\flower\tn_0027.jpg  0.125000   0.171479   0.176781   0.333333   0.256845   0.285796   0.333333   0.240575   0.268431 
pic\flower\tn_0028.jpg  0.125000   0.128603   0.108682   0.333333   0.279672   0.323279   0.333333   0.248968   0.291340 
pic\flower\tn_0029.jpg  0.125000   0.125840   0.116167   0.333333   0.259248   0.286074   0.333333   0.233567   0.262446 
pic\flower\tn_0030.jpg  0.125000   0.195576   0.215912   0.333333   0.237467   0.301154   0.333333   0.206685   0.262991 
pic\flower\tn_0032.jpg  0.125000   0.154160   0.147388   0.333333   0.139879   0.200581   0.333333   0.126351   0.164877 
pic\flower\TOPC0476.jpg  0.125000   0.230230   0.293008   0.333333   0.427572   0.486732   0.333333   0.312130   0.362586 
pic\flower\ys047.jpg  0.125000   0.149969   0.133854   0.333333   0.238284   0.284320   0.333333   0.022891   0.055424 
pic\flower\ys048.jpg  0.125000   0.117281   0.103790   0.333333   0.037179   0.075151   0.333333   0.068410   0.119080 
pic\flower\ys065.jpg  0.125000   0.148862   0.165682   0.333333   0.176180   0.227869   0.333333   0.182586   0.247993 
pic\flower\ys066.jpg  0.125000   0.177496   0.220633   0.333333   0.198052   0.256888   0.333333   0.219749   0.286104 
pic\flower\ys067.jpg  0.125000   0.132529   0.127040   0.333333   0.161220   0.218029   0.333333   0.154377   0.189411 
pic\flower\ys069.jpg  0.125000   0.122457   0.122488   0.333333   0.227962   0.292771   0.333333   0.195335   0.257549 
pic\flower\ys070.jpg  0.125000   0.124884   0.132278   0.333333   0.228373   0.290684   0.333333   0.226609   0.244376 
pic\flower\ys071.jpg  0.125000   0.139018   0.153311   0.333333   0.262097   0.292999   0.333333   0.134610   0.193181 