40
pic\flower\E1453.jpg  0.016906   0.609717   0.014600   0.011954   0.346141   0.000512   0.000000   0.000000   0.000000   0.000000   0.000000   0.000171   0.007258   0.018870   0.056694   0.090249   0.105106   0.112876   0.156592   0.164447   0.084699   0.043118   0.031506   0.128586   0.000000   0.000171   0.002988   0.003074   0.005977   0.009563   0.047643   0.266820   0.202100   0.148395   0.140540   0.172729 
pic\flower\E1454.jpg  0.017703   0.740608   0.007563   0.009225   0.131732   0.089428   0.000416   0.000748   0.000166   0.000997   0.000499   0.000914   0.010223   0.008477   0.009309   0.010555   0.022357   0.046792   0.161320   0.105219   0.055934   0.032247   0.043883   0.493684   0.000000   0.000000   0.000000   0.000000   0.000000   0.000332   0.067985   0.330535   0.300116   0.204538   0.058178   0.038314 
pic\flower\E1455.jpg  0.020337   0.698247   0.011409   0.003803   0.264716   0.000331   0.000000   0.000661   0.000000   0.000000   0.000165   0.000331   0.006779   0.009094   0.007606   0.008598   0.008763   0.013724   0.022156   0.134259   0.118717   0.021164   0.029101   0.620040   0.000000   0.000000   0.000000   0.015212   0.041667   0.134425   0.184358   0.215278   0.250331   0.096561   0.033399   0.028770 
pic\flower\E1456.jpg  0.035434   0.512893   0.010502   0.003586   0.345372   0.086492   0.001110   0.001110   0.000598   0.001110   0.000768   0.001025   0.007514   0.005721   0.005806   0.009477   0.015198   0.024163   0.035348   0.095970   0.237107   0.083419   0.029798   0.450478   0.000768   0.002305   0.004355   0.011697   0.037824   0.094775   0.222592   0.357155   0.149163   0.067281   0.028432   0.023651 
pic\flower\E1458.jpg  0.015967   0.782104   0.009819   0.005123   0.168972   0.015369   0.000683   0.000256   0.000171   0.000512   0.000512   0.000512   0.007087   0.012380   0.017077   0.013490   0.023480   0.042606   0.056011   0.113132   0.103057   0.023822   0.016308   0.571551   0.000000   0.000000   0.000768   0.006831   0.030908   0.065574   0.130550   0.293460   0.221482   0.098361   0.083931   0.068135 
pic\flower\E1459.jpg  0.006233   0.475068   0.011527   0.007087   0.102203   0.397883   0.000000   0.000000   0.000000   0.000000   0.000000   0.000000   0.000000   0.000000   0.000342   0.002305   0.009648   0.023480   0.084614   0.154457   0.145236   0.088627   0.020492   0.470799   0.002391   0.001878   0.001452   0.009734   0.057292   0.088286   0.132855   0.164532   0.230277   0.275444   0.033811   0.002049 
pic\flower\E1461.jpg  0.026469   0.604679   0.007599   0.087176   0.162739   0.110400   0.000000   0.000171   0.000256   0.000171   0.000085   0.000256   0.003928   0.009734   0.012466   0.016308   0.024932   0.029457   0.043289   0.154542   0.181779   0.060707   0.048327   0.414532   0.000598   0.006745   0.018101   0.042947   0.065915   0.095970   0.197319   0.257855   0.126878   0.100495   0.048241   0.038934 
pic\flower\TM141.jpg  0.002315   0.001157   0.012814   0.138558   0.212963   0.126075   0.048032   0.027695   0.060516   0.363013   0.005291   0.001571   0.005622   0.023562   0.046544   0.108631   0.161045   0.164600   0.225033   0.138393   0.078456   0.035549   0.007937   0.004630   0.034061   0.183697   0.086227   0.103588   0.143188   0.086227   0.053075   0.060764   0.071429   0.097140   0.039435   0.041171 
pic\flower\TM146.jpg  0.001736   0.001819   0.016038   0.100116   0.264302   0.128390   0.077877   0.051505   0.066964   0.282903   0.006862   0.001488   0.017361   0.046544   0.138889   0.163856   0.143188   0.135334   0.143767   0.102927   0.062996   0.032738   0.009673   0.002728   0.016948   0.052166   0.066468   0.071346   0.100364   0.140046   0.135086   0.138724   0.075810   0.068370   0.063161   0.071511 
pic\flower\TM164.jpg  0.000496   0.000165   0.000413   0.002315   0.027612   0.163442   0.398727   0.132688   0.066716   0.203869   0.003555   0.000000   0.011161   0.033317   0.097222   0.191882   0.254051   0.197090   0.126323   0.070767   0.014468   0.002976   0.000496   0.000248   0.000661   0.052662   0.137649   0.206597   0.156746   0.103505   0.073578   0.042493   0.035384   0.036210   0.058780   0.095734 
pic\flower\TM166.jpg  0.000000   0.000083   0.000248   0.003555   0.042907   0.161128   0.239583   0.128638   0.159309   0.263558   0.000992   0.000000   0.002894   0.026951   0.072751   0.125496   0.159144   0.172040   0.173942   0.143188   0.081680   0.031002   0.007854   0.003059   0.000000   0.002728   0.027778   0.100529   0.174190   0.178323   0.141700   0.094659   0.073495   0.072586   0.072751   0.061260 
pic\flower\tn_0003.jpg  0.063788   0.003348   0.004121   0.004979   0.295416   0.430718   0.158139   0.010130   0.007040   0.005838   0.005580   0.010903   0.602936   0.026442   0.013908   0.005065   0.004722   0.003692   0.004035   0.013221   0.105769   0.169815   0.040951   0.009444   0.001030   0.035628   0.000944   0.002146   0.048678   0.211968   0.077009   0.007813   0.007383   0.006010   0.008156   0.593235 
pic\flower\tn_0004.jpg  0.070570   0.002404   0.003692   0.030563   0.407023   0.088599   0.347785   0.010646   0.013822   0.006095   0.009272   0.009530   0.574777   0.019746   0.008070   0.005924   0.012534   0.074262   0.083963   0.097699   0.077524   0.031250   0.008413   0.005838   0.003434   0.037517   0.007040   0.053829   0.147236   0.109976   0.070656   0.013393   0.004894   0.004636   0.007727   0.539663 
pic\flower\tn_0006.jpg  0.075292   0.005495   0.007126   0.017170   0.479224   0.068853   0.289663   0.013307   0.015110   0.007984   0.011161   0.009615   0.542668   0.021463   0.009358   0.005924   0.005495   0.012277   0.024897   0.063187   0.125429   0.106628   0.047562   0.035113   0.000687   0.037946   0.013393   0.054773   0.198661   0.124657   0.024468   0.009186   0.006782   0.006868   0.008070   0.514509 
pic\flower\tn_0007.jpg  0.064646   0.002576   0.003692   0.007126   0.407452   0.138736   0.325034   0.010216   0.008671   0.006525   0.008156   0.017170   0.568252   0.022064   0.010646   0.005752   0.003863   0.003262   0.004894   0.027558   0.104739   0.164320   0.067823   0.016827   0.000773   0.035457   0.001889   0.005752   0.026013   0.184839   0.154791   0.025841   0.005495   0.006267   0.007898   0.544986 
pic\flower\tn_0009.jpg  0.257813   0.007727   0.011418   0.031164   0.028589   0.533997   0.083791   0.006439   0.008671   0.013650   0.009186   0.007555   0.476648   0.020261   0.012363   0.006095   0.003949   0.003777   0.004207   0.008585   0.103280   0.272665   0.078640   0.009530   0.000687   0.036315   0.001631   0.000687   0.001459   0.010388   0.138908   0.314217   0.020948   0.005838   0.010302   0.458620 
pic\flower\tn_0014.jpg  0.480168   0.079069   0.008413   0.009615   0.159856   0.185955   0.008929   0.000000   0.002060   0.000687   0.008328   0.056920   0.638994   0.024382   0.027215   0.007641   0.004636   0.011075   0.089543   0.106628   0.052541   0.026013   0.007383   0.003949   0.000859   0.035543   0.004636   0.012792   0.078297   0.157109   0.053829   0.005666   0.005666   0.006267   0.068338   0.570999 
pic\flower\tn_0015.jpg  0.194368   0.004121   0.018201   0.211109   0.217119   0.243132   0.063530   0.004378   0.010216   0.004207   0.009014   0.020604   0.619935   0.019660   0.009272   0.005065   0.003863   0.004808   0.019832   0.075721   0.127318   0.083104   0.023180   0.008242   0.000515   0.036659   0.006868   0.055546   0.129121   0.130065   0.031336   0.004722   0.006010   0.006439   0.009787   0.582933 
pic\flower\tn_0016.jpg  0.240213   0.091003   0.009530   0.012792   0.418698   0.086195   0.013307   0.001030   0.006954   0.004207   0.012964   0.103108   0.490728   0.031851   0.016398   0.005151   0.008757   0.027301   0.103880   0.147064   0.105254   0.042926   0.013822   0.006868   0.000859   0.036916   0.012191   0.061041   0.195742   0.150670   0.040694   0.008585   0.006181   0.005151   0.007898   0.474073 
pic\flower\tn_0017.jpg  0.477163   0.063187   0.017084   0.014681   0.364354   0.010989   0.003005   0.000086   0.000429   0.000773   0.002318   0.045931   0.604911   0.027387   0.020003   0.029190   0.116501   0.103880   0.061212   0.026013   0.008499   0.001545   0.000172   0.000687   0.001545   0.035714   0.003348   0.020433   0.102163   0.155134   0.066793   0.007212   0.004894   0.005495   0.070484   0.526786 
pic\flower\tn_0018.jpg  0.315848   0.008499   0.020175   0.201408   0.260560   0.130838   0.024554   0.003005   0.009873   0.005666   0.007126   0.012448   0.650755   0.021806   0.007641   0.005924   0.012448   0.053486   0.107143   0.091518   0.040264   0.007297   0.001030   0.000687   0.001030   0.036401   0.001116   0.002747   0.016398   0.086796   0.158396   0.054258   0.008757   0.005666   0.006868   0.621566 
pic\flower\tn_0019.jpg  0.138479   0.006525   0.018029   0.162861   0.256267   0.322373   0.037345   0.002060   0.020519   0.005495   0.008929   0.021120   0.488152   0.017943   0.007297   0.005323   0.014681   0.060440   0.123884   0.149382   0.097699   0.025755   0.005666   0.003777   0.001030   0.037861   0.009100   0.029619   0.164063   0.208276   0.072201   0.013479   0.005237   0.005666   0.007898   0.445570 
pic\flower\tn_0021.jpg  0.051168   0.013479   0.052026   0.111264   0.624056   0.072716   0.040350   0.004207   0.007555   0.007040   0.006525   0.009615   0.411830   0.025326   0.012019   0.006181   0.004378   0.004550   0.013822   0.105340   0.288290   0.108688   0.014166   0.005409   0.000859   0.037088   0.006181   0.045759   0.308637   0.176425   0.013307   0.004894   0.005752   0.006353   0.013736   0.381010 
pic\flower\tn_0023.jpg  0.079670   0.010388   0.251889   0.167067   0.377060   0.071429   0.028417   0.001202   0.001803   0.005495   0.002833   0.002747   0.645089   0.023352   0.006868   0.003177   0.004378   0.005666   0.012792   0.048249   0.121995   0.088513   0.026356   0.013565   0.000687   0.038032   0.014852   0.062414   0.212054   0.032881   0.005151   0.004035   0.005495   0.005151   0.008499   0.610749 
pic\flower\tn_0024.jpg  0.083190   0.004636   0.007813   0.009444   0.245879   0.305632   0.298420   0.006782   0.011676   0.008843   0.007555   0.010130   0.541209   0.014595   0.012105   0.006782   0.004894   0.012620   0.068424   0.210422   0.108602   0.017256   0.002404   0.000687   0.000773   0.036401   0.001288   0.002060   0.017084   0.074863   0.185440   0.148438   0.009530   0.005752   0.007555   0.510817 
pic\flower\tn_0026.jpg  0.365041   0.085079   0.012706   0.056061   0.018716   0.380065   0.037775   0.002060   0.006353   0.014080   0.008070   0.013994   0.630924   0.018029   0.012105   0.005752   0.006267   0.003692   0.004636   0.004722   0.010388   0.054945   0.151786   0.096755   0.000944   0.035457   0.001202   0.001030   0.003777   0.018544   0.088599   0.187328   0.038032   0.007469   0.009186   0.608431 
pic\flower\tn_0027.jpg  0.407023   0.005065   0.011590   0.011762   0.174880   0.260216   0.087139   0.004894   0.008070   0.016827   0.007212   0.005323   0.617188   0.020175   0.011161   0.006010   0.007641   0.005409   0.004894   0.007898   0.015883   0.056061   0.122510   0.125172   0.000687   0.036229   0.000687   0.001374   0.007383   0.035714   0.166810   0.122854   0.016054   0.009873   0.012964   0.589372 
pic\flower\tn_0028.jpg  0.003949   0.000086   0.000859   0.000859   0.007297   0.321686   0.039234   0.054430   0.140711   0.247081   0.115556   0.068252   0.643630   0.035972   0.018973   0.006353   0.004378   0.003863   0.005237   0.016741   0.069368   0.093492   0.059753   0.042239   0.001803   0.036573   0.003520   0.011332   0.056405   0.112552   0.107486   0.012191   0.007297   0.006954   0.010989   0.632898 
pic\flower\tn_0029.jpg  0.004894   0.000172   0.000429   0.000859   0.009272   0.372253   0.044986   0.073661   0.196343   0.109633   0.078726   0.108774   0.592376   0.033826   0.022922   0.006611   0.005323   0.004207   0.005666   0.005752   0.020003   0.080872   0.121995   0.100446   0.001374   0.035886   0.002404   0.006954   0.026786   0.087311   0.153760   0.066793   0.009100   0.007555   0.017256   0.584821 
pic\flower\tn_0030.jpg  0.522407   0.032795   0.013479   0.010989   0.309238   0.065333   0.003262   0.000429   0.000944   0.000429   0.004722   0.035972   0.602593   0.026957   0.019145   0.016655   0.009358   0.026185   0.069883   0.105598   0.076666   0.031508   0.011075   0.004378   0.001030   0.036573   0.012706   0.069540   0.182349   0.058551   0.018973   0.007297   0.006696   0.006439   0.202352   0.397493 
pic\flower\tn_0032.jpg  0.355598   0.052713   0.017943   0.023609   0.489870   0.007727   0.009787   0.000258   0.000601   0.000687   0.001803   0.039406   0.468664   0.019574   0.026700   0.011676   0.005924   0.014766   0.061727   0.190762   0.136933   0.043355   0.013049   0.006868   0.003091   0.044557   0.017342   0.098386   0.183894   0.172648   0.008929   0.005065   0.006181   0.007126   0.126288   0.326494 
pic\flower\TOPC0476.jpg  0.593897   0.130869   0.008216   0.008216   0.184419   0.049883   0.000000   0.000000   0.000000   0.001320   0.003228   0.019953   0.147887   0.234008   0.317048   0.237969   0.059419   0.003668   0.000000   0.000000   0.000000   0.000000   0.000000   0.000000   0.000000   0.000000   0.000293   0.020833   0.077171   0.094484   0.044014   0.003521   0.012324   0.051937   0.383069   0.312353 
pic\flower\ys047.jpg  0.000000   0.000000   0.000248   0.002563   0.186756   0.189153   0.152447   0.074735   0.028935   0.324074   0.041088   0.000000   0.001157   0.011905   0.071594   0.199653   0.242808   0.171379   0.142857   0.089534   0.045718   0.015956   0.005952   0.001488   0.000083   0.111359   0.072503   0.155258   0.211144   0.087219   0.026951   0.032655   0.072586   0.101025   0.120618   0.008598 
pic\flower\ys048.jpg  0.006118   0.004630   0.008681   0.070023   0.462632   0.083664   0.032986   0.021495   0.028356   0.052910   0.191468   0.037037   0.009507   0.053158   0.128142   0.168899   0.091683   0.070685   0.089120   0.108052   0.119213   0.096561   0.044478   0.020503   0.010830   0.029845   0.065559   0.207755   0.201058   0.092593   0.063161   0.068287   0.057788   0.044808   0.046462   0.111855 
pic\flower\ys065.jpg  0.012401   0.000827   0.001653   0.006614   0.086558   0.399388   0.136822   0.030010   0.021743   0.048528   0.253390   0.002067   0.009177   0.020089   0.069775   0.201637   0.266038   0.121693   0.112021   0.063823   0.056134   0.031746   0.019593   0.028274   0.375165   0.129960   0.048859   0.036458   0.050513   0.041915   0.042493   0.049190   0.063740   0.083829   0.062004   0.015873 
pic\flower\ys066.jpg  0.002149   0.000248   0.000083   0.005291   0.290592   0.361855   0.140460   0.013393   0.009259   0.020751   0.137814   0.018105   0.003803   0.017857   0.052166   0.187169   0.192543   0.145255   0.142030   0.124008   0.069196   0.036458   0.017774   0.011739   0.186591   0.171296   0.215774   0.069610   0.051422   0.042659   0.021164   0.043403   0.076141   0.059606   0.038442   0.023892 
pic\flower\ys067.jpg  0.003472   0.000992   0.002397   0.009590   0.124587   0.282242   0.132606   0.045552   0.028853   0.120370   0.242063   0.007275   0.031498   0.040096   0.062004   0.153604   0.213211   0.125827   0.113261   0.097470   0.076968   0.039104   0.021495   0.025463   0.091353   0.179481   0.149471   0.083333   0.027860   0.025380   0.025380   0.051257   0.104167   0.100694   0.075645   0.085979 
pic\flower\ys069.jpg  0.010830   0.002397   0.003472   0.015294   0.134921   0.289765   0.138145   0.028935   0.019759   0.058118   0.284392   0.013972   0.011657   0.022156   0.044643   0.130456   0.253803   0.179398   0.139054   0.080853   0.059689   0.035466   0.017609   0.025215   0.298942   0.197007   0.069444   0.038773   0.025794   0.047371   0.094329   0.077546   0.072999   0.041667   0.020916   0.015212 
pic\flower\ys070.jpg  0.003224   0.000661   0.000992   0.014302   0.122024   0.312831   0.093254   0.035880   0.061839   0.099868   0.171379   0.083747   0.007192   0.028935   0.066055   0.123429   0.145503   0.218585   0.186508   0.100281   0.054977   0.037202   0.021743   0.009590   0.000000   0.002067   0.011905   0.026703   0.086475   0.148727   0.188327   0.169229   0.110284   0.091435   0.080605   0.084243 
pic\flower\ys071.jpg  0.002646   0.000661   0.000992   0.001819   0.056878   0.162202   0.370701   0.101852   0.052249   0.086888   0.134011   0.029101   0.017609   0.056630   0.097305   0.139798   0.214616   0.205936   0.171462   0.072751   0.018188   0.003638   0.001488   0.000579   0.004299   0.061343   0.113839   0.107060   0.168733   0.155175   0.104332   0.088294   0.070437   0.051587   0.037616   0.037285 