40
pic\winter\Sr019.jpg  0.993245   0.002767   0.001221   0.000000   0.000081   0.001139   0.000570   0.000977   0.648600   0.350749   0.000651   0.000000   0.265544   0.734456 
pic\winter\Sr020.jpg  0.890706   0.004720   0.001628   0.000326   0.000081   0.001546   0.002197   0.098796   0.663737   0.336263   0.000000   0.000000   0.458496   0.541504 
pic\winter\Sr021.jpg  0.996257   0.000732   0.000570   0.000163   0.000163   0.001058   0.000651   0.000407   0.351481   0.648519   0.000000   0.000000   0.000895   0.999105 
pic\winter\Sr022.jpg  0.603109   0.284912   0.050863   0.058675   0.000326   0.000977   0.000651   0.000488   0.660889   0.339030   0.000081   0.000000   0.003174   0.996826 
pic\winter\Sr023.jpg  0.622396   0.335693   0.026774   0.011882   0.000977   0.001221   0.000407   0.000651   0.690267   0.308838   0.000895   0.000000   0.002604   0.997396 
pic\winter\Sr048.jpg  0.262207   0.734782   0.000407   0.000000   0.000163   0.001953   0.000244   0.000244   0.861898   0.137288   0.000814   0.000000   0.001139   0.998861 
pic\winter\Sr049.jpg  0.459229   0.538086   0.000326   0.000081   0.000163   0.001628   0.000163   0.000326   0.712077   0.283203   0.004720   0.000000   0.008626   0.991374 
pic\winter\Sr050.jpg  0.298991   0.695557   0.001546   0.000163   0.000407   0.002523   0.000326   0.000488   0.801351   0.198242   0.000407   0.000000   0.002604   0.997396 
pic\winter\Sr051.jpg  0.511882   0.483073   0.001953   0.000407   0.000326   0.001790   0.000488   0.000081   0.627686   0.370280   0.002035   0.000000   0.027507   0.972493 
pic\winter\Sr052.jpg  0.820882   0.160889   0.009277   0.004232   0.002360   0.001465   0.000244   0.000651   0.425456   0.573079   0.001465   0.000000   0.009359   0.990641 
pic\winter\Sr053.jpg  0.698975   0.291178   0.004476   0.001139   0.000814   0.002523   0.000488   0.000407   0.504801   0.495199   0.000000   0.000000   0.137614   0.862386 
pic\winter\Sr054.jpg  0.995605   0.001546   0.000407   0.000081   0.000244   0.001546   0.000488   0.000081   0.367106   0.609456   0.023438   0.000000   0.209229   0.790771 
pic\winter\Sr055.jpg  0.901774   0.095785   0.000163   0.000081   0.000163   0.001302   0.000163   0.000570   0.952393   0.047526   0.000081   0.000000   0.001058   0.998942 
pic\winter\Sr056.jpg  0.164225   0.830241   0.001139   0.000244   0.000895   0.002035   0.000326   0.000895   0.997233   0.002686   0.000081   0.000000   0.001302   0.998698 
pic\winter\Sr057.jpg  0.835124   0.162191   0.000570   0.000000   0.000244   0.001383   0.000407   0.000081   0.726969   0.272786   0.000244   0.000000   0.002035   0.997966 
pic\winter\Sr113.jpg  0.349935   0.000488   0.002360   0.003743   0.434733   0.110026   0.019938   0.078776   0.726725   0.225830   0.047445   0.313558   0.432210   0.254232 
pic\winter\Sr114.jpg  0.411296   0.001383   0.003255   0.003825   0.090658   0.090902   0.064535   0.334147   0.920736   0.063070   0.016195   0.643962   0.146403   0.209635 
pic\winter\Sr115.jpg  0.729085   0.006592   0.001628   0.001221   0.001302   0.013753   0.027262   0.219157   0.775553   0.186279   0.038167   0.548665   0.398356   0.052979 
pic\winter\Sr116.jpg  0.429688   0.009928   0.007568   0.066976   0.124186   0.185059   0.035970   0.140625   0.879069   0.102458   0.018473   0.352783   0.314046   0.333171 
pic\winter\Sr117.jpg  0.762858   0.125977   0.034342   0.034749   0.021322   0.004720   0.001058   0.014974   0.753174   0.226400   0.020426   0.238932   0.640869   0.120199 
pic\winter\Sr118.jpg  0.775228   0.131836   0.092692   0.000000   0.000000   0.000000   0.000000   0.000244   0.863363   0.133789   0.002848   0.083659   0.512777   0.403564 
pic\winter\Sr124.jpg  0.932373   0.000570   0.000163   0.000081   0.001058   0.008545   0.012533   0.044678   0.192301   0.729899   0.077799   0.026449   0.087646   0.885905 
pic\winter\Sr125.jpg  0.885661   0.000651   0.000244   0.000244   0.002848   0.013021   0.021240   0.076090   0.337891   0.656250   0.005859   0.012451   0.407389   0.580159 
pic\winter\Sr126.jpg  0.987630   0.002686   0.000163   0.000407   0.001709   0.001872   0.000732   0.004801   0.248291   0.751709   0.000000   0.000000   0.010742   0.989258 
pic\winter\Sr127.jpg  0.933350   0.001546   0.000081   0.000895   0.001628   0.002767   0.005046   0.054688   0.340088   0.217773   0.442139   0.000570   0.099447   0.899984 
pic\winter\Sr128.jpg  0.915283   0.004313   0.001139   0.002035   0.009440   0.011637   0.008057   0.048096   0.378581   0.317871   0.303548   0.002197   0.200114   0.797689 
pic\winter\Sr129.jpg  0.979167   0.003174   0.000244   0.000488   0.000732   0.001953   0.001383   0.012858   0.439372   0.252116   0.308512   0.000000   0.136475   0.863525 
pic\winter\Sr130.jpg  0.804362   0.012533   0.004964   0.003988   0.021403   0.033854   0.022705   0.096191   0.645589   0.309326   0.045085   0.010661   0.531820   0.457520 
pic\winter\Sr131.jpg  0.959880   0.000326   0.000000   0.000081   0.001058   0.002686   0.005127   0.030843   0.247559   0.246663   0.505778   0.003988   0.062744   0.933268 
pic\winter\Sr132.jpg  0.673991   0.087646   0.070068   0.113200   0.041504   0.005208   0.001872   0.006510   0.426432   0.526123   0.047445   0.332682   0.152832   0.514486 
pic\winter\Sr133.jpg  0.686686   0.085938   0.023519   0.010742   0.012695   0.006348   0.008870   0.165202   0.869873   0.116699   0.013428   0.368978   0.413330   0.217692 
pic\winter\Sr150.jpg  0.492920   0.000081   0.000000   0.000000   0.000407   0.007324   0.015625   0.483643   0.999674   0.000326   0.000000   0.011230   0.426432   0.562337 
pic\winter\Sr151.jpg  0.003418   0.000000   0.000407   0.004964   0.688883   0.296305   0.003174   0.002848   0.999512   0.000244   0.000244   0.007487   0.298910   0.693604 
pic\winter\Sr152.jpg  0.029460   0.003092   0.002848   0.024414   0.725098   0.162354   0.027832   0.024902   1.000000   0.000000   0.000000   0.019531   0.425700   0.554769 
pic\winter\Sr153.jpg  0.485596   0.000081   0.000244   0.002441   0.012777   0.061117   0.106038   0.331706   0.884847   0.114665   0.000488   0.256104   0.334554   0.409342 
pic\winter\Sr154.jpg  0.599447   0.004720   0.000081   0.000000   0.000163   0.000570   0.004395   0.390625   0.965413   0.034587   0.000000   0.037760   0.617188   0.345052 
pic\winter\Sr155.jpg  0.914063   0.006755   0.003255   0.005452   0.008057   0.007161   0.002767   0.052490   0.999837   0.000163   0.000000   0.000000   0.059489   0.940511 
pic\winter\Sr156.jpg  0.812012   0.000000   0.000000   0.000000   0.000000   0.000570   0.010661   0.176758   1.000000   0.000000   0.000000   0.000000   0.015055   0.984945 
pic\winter\Sr157.jpg  0.726318   0.000000   0.000163   0.000000   0.000244   0.019450   0.048340   0.205485   0.974609   0.025391   0.000000   0.003743   0.149902   0.846354 
pic\winter\Sr158.jpg  0.846110   0.118978   0.030924   0.000651   0.000651   0.000570   0.000163   0.001953   0.573975   0.425537   0.000488   0.000000   0.009521   0.990479 