40
pic\flag\agt.jpg  0.012695   0.656494   0.148315   0.001465   0.000366   0.025269   0.120972   0.015503   0.000732   0.018188   0.000000   0.000000   0.284790   0.038574   0.001709   0.001343   0.002075   0.032227   0.021606   0.045410   0.565552   0.000854   0.001343   0.004517   0.000244   0.000610   0.000854   0.001587   0.001953   0.002686   0.002563   0.002686   0.004150   0.063477   0.594360   0.324829 
pic\flag\aiji.jpg  0.522104   0.000667   0.012100   0.001048   0.001905   0.032298   0.069646   0.318216   0.024962   0.014386   0.001143   0.001524   0.622618   0.006669   0.007622   0.017626   0.004764   0.002763   0.002668   0.000762   0.000857   0.000857   0.000953   0.331841   0.329364   0.012100   0.000000   0.000000   0.000095   0.002096   0.003430   0.004287   0.006860   0.007336   0.005716   0.628716 
pic\flag\airlan.jpg  0.250244   0.000366   0.015259   0.000122   0.343994   0.007935   0.029663   0.336792   0.006958   0.008301   0.000366   0.000000   0.320313   0.007446   0.000366   0.000000   0.000000   0.007446   0.000488   0.000244   0.000244   0.017456   0.029663   0.616333   0.000000   0.000000   0.000000   0.000000   0.000000   0.000488   0.299805   0.035645   0.000000   0.005249   0.317993   0.340820 
pic\flag\alq.jpg  0.423520   0.000103   0.001645   0.235917   0.046155   0.013261   0.002878   0.259971   0.003701   0.012027   0.000206   0.000617   0.470292   0.009766   0.000000   0.000103   0.000206   0.009663   0.000308   0.000000   0.000103   0.002673   0.000103   0.506785   0.244141   0.000000   0.000000   0.000000   0.000000   0.000103   0.244038   0.000206   0.009766   0.004934   0.000000   0.496813 
pic\flag\aman.jpg  0.166016   0.001099   0.019775   0.002441   0.216919   0.013550   0.004272   0.493896   0.070557   0.011108   0.000366   0.000000   0.215576   0.003906   0.005005   0.005371   0.012329   0.003052   0.003296   0.004517   0.006958   0.033325   0.456055   0.250610   0.000000   0.000122   0.000000   0.000122   0.012085   0.021118   0.206909   0.000977   0.009277   0.007935   0.069946   0.671509 
pic\flag\aodili.jpg  0.258824   0.000000   0.011765   0.000000   0.000000   0.011765   0.047059   0.600000   0.058824   0.011765   0.000000   0.000000   0.341176   0.000000   0.011765   0.000000   0.000000   0.000000   0.000000   0.000000   0.011765   0.000000   0.000000   0.635294   0.000000   0.000000   0.000000   0.000000   0.000000   0.000000   0.000000   0.000000   0.000000   0.011765   0.000000   0.988235 
pic\flag\balin.jpg  0.197716   0.007512   0.033053   0.006611   0.004407   0.003205   0.011719   0.650140   0.062600   0.017328   0.003906   0.001803   0.288962   0.011318   0.004607   0.003105   0.003405   0.002504   0.002604   0.002704   0.003105   0.004107   0.004507   0.669071   0.000000   0.000000   0.000200   0.000000   0.000000   0.012620   0.001202   0.000000   0.000701   0.005108   0.022336   0.957833 
pic\flag\banama.jpg  0.532812   0.013603   0.030974   0.016176   0.008088   0.022702   0.063235   0.261305   0.018750   0.028952   0.002114   0.001287   0.454320   0.006250   0.003125   0.016820   0.002114   0.000827   0.004688   0.003585   0.006434   0.006066   0.238695   0.257077   0.000000   0.000000   0.000000   0.000092   0.000460   0.011029   0.014706   0.231342   0.009559   0.025184   0.240901   0.466728 
pic\flag\beinin.jpg  0.000000   0.000000   0.000000   0.058966   0.362444   0.037667   0.251860   0.258929   0.030134   0.000000   0.000000   0.000000   0.000000   0.000000   0.000000   0.000000   0.000000   0.000000   0.000000   0.000000   0.000000   0.000372   0.013114   0.986514   0.000000   0.000000   0.000093   0.012556   0.005766   0.400856   0.002697   0.006789   0.000093   0.000744   0.009952   0.560454 
pic\flag\bilu.jpg  0.250000   0.000000   0.015625   0.000000   0.007813   0.007813   0.023438   0.664063   0.007813   0.023438   0.000000   0.000000   0.328125   0.000000   0.000000   0.000000   0.000000   0.007813   0.007813   0.000000   0.000000   0.000000   0.039063   0.617188   0.000000   0.000000   0.000000   0.000000   0.000000   0.000000   0.000000   0.000000   0.000000   0.015625   0.648438   0.335938 
pic\flag\bingdao.jpg  0.669992   0.021649   0.024661   0.012425   0.013366   0.009601   0.006871   0.202090   0.017884   0.020708   0.000377   0.000377   0.119823   0.022026   0.001506   0.018355   0.010166   0.000282   0.000188   0.000094   0.006683   0.017413   0.051017   0.752447   0.000000   0.000000   0.000000   0.000000   0.000000   0.000000   0.000188   0.000753   0.087067   0.559017   0.023438   0.329537 
pic\flag\bolan.jpg  0.412402   0.000391   0.000586   0.000488   0.011816   0.012207   0.035645   0.494043   0.007129   0.023828   0.000195   0.001270   0.488379   0.011523   0.000098   0.000000   0.000098   0.000098   0.000098   0.003418   0.012305   0.016504   0.076367   0.391113   0.000000   0.000000   0.000098   0.000098   0.002734   0.016895   0.000391   0.015332   0.004688   0.026465   0.450195   0.483105 
pic\flag\danmai.jpg  0.165379   0.006145   0.015537   0.000702   0.000614   0.018522   0.013782   0.655197   0.110165   0.013079   0.000702   0.000176   0.235779   0.000702   0.000878   0.028265   0.000351   0.000088   0.002985   0.000176   0.000000   0.000000   0.000351   0.730425   0.000000   0.000000   0.000000   0.000000   0.000000   0.000000   0.000000   0.000000   0.000000   0.000527   0.041871   0.957602 
pic\flag\deguo.jpg  0.303797   0.000000   0.000000   0.000000   0.012658   0.000000   0.329114   0.291139   0.063291   0.000000   0.000000   0.000000   0.303797   0.000000   0.000000   0.000000   0.000000   0.000000   0.000000   0.000000   0.000000   0.000000   0.037975   0.658228   0.329114   0.000000   0.000000   0.012658   0.000000   0.000000   0.000000   0.000000   0.000000   0.000000   0.012658   0.645570 
pic\flag\egdr.jpg  0.234375   0.015625   0.000000   0.000000   0.000000   0.000000   0.500000   0.250000   0.000000   0.000000   0.000000   0.000000   0.000000   0.000000   0.000000   0.000000   0.000000   0.000000   0.000000   0.015625   0.000000   0.000000   0.093750   0.890625   0.000000   0.000000   0.000000   0.015625   0.000000   0.000000   0.015625   0.218750   0.015625   0.000000   0.234375   0.500000 
pic\flag\eluosi.jpg  0.293382   0.338511   0.003033   0.000092   0.000092   0.000184   0.013695   0.314430   0.036121   0.000368   0.000000   0.000092   0.328768   0.000643   0.000000   0.000184   0.000276   0.010478   0.001195   0.003493   0.025460   0.018934   0.063787   0.546783   0.000000   0.000000   0.000000   0.000000   0.000000   0.001103   0.012408   0.030423   0.033732   0.286121   0.310754   0.325460 
pic\flag\faguo.jpg  0.535900   0.006882   0.008278   0.001116   0.006696   0.001953   0.015067   0.312128   0.039621   0.007999   0.001488   0.062872   0.327474   0.000744   0.007626   0.000186   0.007161   0.000558   0.000000   0.003441   0.004185   0.000186   0.000372   0.648065   0.000000   0.000000   0.000000   0.000000   0.000000   0.000000   0.000000   0.000186   0.011068   0.021112   0.034784   0.932850 
pic\flag\fenlan.jpg  0.788667   0.010087   0.014438   0.026305   0.002967   0.036986   0.081982   0.002176   0.004153   0.029569   0.002077   0.000593   0.690467   0.001088   0.000099   0.012460   0.010680   0.000198   0.000198   0.000593   0.010186   0.000297   0.001483   0.272251   0.000000   0.000000   0.000198   0.000198   0.001483   0.019482   0.013153   0.018196   0.035601   0.228441   0.031151   0.652097 
pic\flag\gangguo.jpg  0.000000   0.000000   0.000092   0.265533   0.070772   0.106618   0.228952   0.271875   0.056158   0.000000   0.000000   0.000000   0.000000   0.000000   0.000000   0.000000   0.000184   0.000000   0.001103   0.002574   0.001379   0.019761   0.025460   0.949540   0.000000   0.000092   0.000276   0.007537   0.001838   0.086489   0.251379   0.000827   0.004871   0.003952   0.008456   0.634283 
pic\flag\guba.jpg  0.604808   0.004688   0.036538   0.021995   0.009615   0.002284   0.056370   0.150240   0.070072   0.030649   0.009375   0.003365   0.299279   0.005769   0.001923   0.002163   0.026082   0.012620   0.003726   0.004928   0.015625   0.353005   0.081010   0.193870   0.000000   0.000000   0.000000   0.000000   0.000000   0.002284   0.002885   0.019111   0.421154   0.031010   0.027764   0.495793 
pic\flag\helan.jpg  0.564430   0.010937   0.045956   0.021140   0.003033   0.002206   0.011489   0.315257   0.024081   0.000460   0.001011   0.000000   0.328585   0.000551   0.000735   0.011305   0.000000   0.000000   0.001287   0.010478   0.000368   0.026011   0.060202   0.560478   0.000184   0.000184   0.000368   0.002757   0.031710   0.003860   0.016544   0.292096   0.014706   0.014614   0.283824   0.339154 
pic\flag\jiana.jpg  0.005269   0.000545   0.000182   0.263263   0.067224   0.133267   0.183412   0.304415   0.035338   0.000454   0.000908   0.005723   0.000091   0.000000   0.000091   0.000182   0.000454   0.000363   0.002453   0.003361   0.004724   0.007267   0.025618   0.955396   0.015352   0.004906   0.012355   0.003634   0.000908   0.073401   0.244913   0.011083   0.002089   0.000818   0.001363   0.629179 
pic\flag\jieke.jpg  0.458513   0.002065   0.003143   0.009608   0.007902   0.024695   0.029185   0.287895   0.086566   0.013200   0.007723   0.069504   0.355603   0.009159   0.002155   0.000898   0.000808   0.000718   0.000539   0.000629   0.001167   0.000808   0.002784   0.624731   0.018050   0.000718   0.000449   0.000090   0.013200   0.006196   0.001437   0.002874   0.003772   0.014188   0.019756   0.919271 
pic\flag\jnd.jpg  0.138293   0.012360   0.048974   0.012593   0.012010   0.010028   0.023787   0.622551   0.077775   0.033116   0.004781   0.003731   0.304688   0.012943   0.005480   0.003498   0.003265   0.018773   0.003265   0.001632   0.002565   0.002215   0.006763   0.634911   0.000000   0.000000   0.000000   0.000000   0.000000   0.000000   0.000000   0.000000   0.001166   0.005597   0.034865   0.958372 
pic\flag\mxg.jpg  0.144585   0.011023   0.022260   0.008883   0.354024   0.022688   0.027718   0.369328   0.009739   0.021939   0.001284   0.006528   0.256956   0.026327   0.007277   0.006742   0.004067   0.004067   0.002997   0.001926   0.002676   0.004602   0.025364   0.656999   0.000000   0.000321   0.000749   0.004281   0.012842   0.014448   0.007705   0.342359   0.006207   0.004709   0.332941   0.273438 
pic\flag\njlg.jpg  0.174445   0.676912   0.020354   0.004112   0.017270   0.040810   0.045025   0.013980   0.000514   0.003495   0.001439   0.001645   0.285156   0.023951   0.006373   0.003187   0.014905   0.000514   0.000617   0.013569   0.004009   0.015111   0.616365   0.016242   0.000000   0.000000   0.000000   0.000000   0.000411   0.001542   0.002364   0.004934   0.033100   0.610095   0.035567   0.311986 
pic\flag\nuowei.jpg  0.219842   0.011509   0.024110   0.012181   0.002100   0.007476   0.031082   0.637349   0.036374   0.015289   0.001260   0.001428   0.121640   0.005376   0.000504   0.009241   0.015457   0.013861   0.005712   0.006468   0.018985   0.023185   0.121220   0.658350   0.000000   0.000000   0.000000   0.000000   0.000000   0.002352   0.038306   0.134409   0.050739   0.044607   0.592238   0.137349 
pic\flag\riben.jpg  0.669577   0.011213   0.038327   0.019485   0.003309   0.003309   0.011397   0.172243   0.049265   0.017371   0.002849   0.001654   0.782261   0.005790   0.003033   0.001746   0.001379   0.001746   0.002206   0.000827   0.001563   0.001563   0.001471   0.196415   0.000000   0.000276   0.000000   0.000000   0.029320   0.008915   0.000276   0.000092   0.000827   0.004871   0.010110   0.945313 
pic\flag\ruidian.jpg  0.012263   0.675040   0.010483   0.000000   0.000198   0.012065   0.289953   0.000000   0.000000   0.000000   0.000000   0.000000   0.000000   0.000099   0.000099   0.000000   0.001088   0.011274   0.009988   0.000692   0.006725   0.030854   0.038172   0.901009   0.000000   0.000000   0.000000   0.000000   0.000000   0.000396   0.013054   0.036887   0.044897   0.599585   0.030261   0.274921 
pic\flag\ruishi.jpg  0.088325   0.003689   0.028537   0.015842   0.004991   0.006727   0.020399   0.800347   0.021918   0.008681   0.000434   0.000109   0.183268   0.009223   0.002496   0.002930   0.008138   0.001845   0.000217   0.001519   0.010308   0.001411   0.070638   0.708008   0.000000   0.000000   0.000000   0.000000   0.000000   0.000000   0.000000   0.001194   0.008572   0.021701   0.753038   0.215495 
pic\flag\wlgui.jpg  0.155239   0.369118   0.099081   0.010846   0.041544   0.042647   0.167371   0.020037   0.037408   0.036029   0.015717   0.004963   0.511397   0.032169   0.006618   0.005147   0.010386   0.003676   0.014430   0.048070   0.015625   0.007721   0.019026   0.325735   0.000000   0.000000   0.000092   0.000184   0.001103   0.014062   0.004320   0.013511   0.115901   0.269761   0.054963   0.526103 
pic\flag\xila.jpg  0.013603   0.629136   0.059835   0.030055   0.017647   0.017188   0.165625   0.007537   0.011397   0.046599   0.000735   0.000643   0.374265   0.026195   0.013603   0.015717   0.001930   0.008272   0.022702   0.011489   0.005607   0.014430   0.035662   0.470129   0.000000   0.000000   0.000000   0.000000   0.000000   0.000000   0.000000   0.000000   0.009283   0.100276   0.434743   0.455699 
pic\flag\xyl.jpg  0.224719   0.000000   0.000000   0.179775   0.179775   0.056180   0.011236   0.325843   0.011236   0.011236   0.000000   0.000000   0.314607   0.000000   0.011236   0.000000   0.000000   0.000000   0.000000   0.011236   0.000000   0.011236   0.022472   0.629214   0.000000   0.000000   0.011236   0.000000   0.011236   0.067416   0.247191   0.000000   0.000000   0.000000   0.011236   0.651685 
pic\flag\ydl.jpg  0.257813   0.007813   0.007813   0.312500   0.039063   0.007813   0.015625   0.281250   0.054688   0.015625   0.000000   0.000000   0.328125   0.000000   0.000000   0.000000   0.000000   0.007813   0.000000   0.007813   0.000000   0.000000   0.000000   0.656250   0.000000   0.000000   0.000000   0.000000   0.000000   0.007813   0.320313   0.007813   0.000000   0.000000   0.000000   0.664063 
pic\flag\yemen.jpg  0.564798   0.010846   0.045680   0.021324   0.003217   0.001471   0.011305   0.329228   0.010754   0.000460   0.000919   0.000000   0.670496   0.000092   0.000000   0.000000   0.000000   0.000092   0.000919   0.013051   0.000184   0.002206   0.018015   0.294945   0.315165   0.000000   0.014246   0.011581   0.000184   0.000000   0.000000   0.004871   0.011581   0.005423   0.307537   0.329412 
pic\flag\ying.jpg  0.319692   0.032738   0.062252   0.010789   0.010417   0.017857   0.051711   0.041791   0.397445   0.045387   0.003968   0.005952   0.274182   0.030754   0.015749   0.012153   0.011533   0.037574   0.009177   0.009673   0.020709   0.040799   0.212426   0.325273   0.000000   0.000000   0.000000   0.004464   0.028894   0.208333   0.035590   0.023189   0.178199   0.186508   0.028026   0.306796 
pic\flag\yini.jpg  0.416667   0.000579   0.010582   0.019676   0.000579   0.000000   0.010251   0.431630   0.088707   0.020172   0.000992   0.000165   0.489997   0.009838   0.000165   0.000000   0.000083   0.000083   0.000000   0.000083   0.000000   0.009259   0.005291   0.485202   0.000165   0.000165   0.000083   0.000165   0.032738   0.002232   0.000744   0.000083   0.000000   0.010251   0.013724   0.939649 
pic\flag\ysl.jpg  0.300562   0.388518   0.082690   0.084182   0.017205   0.038272   0.063378   0.005530   0.005355   0.012816   0.000614   0.000878   0.604723   0.035727   0.005179   0.003336   0.002721   0.002370   0.003862   0.002897   0.022823   0.017468   0.021419   0.277475   0.000000   0.000176   0.000176   0.000263   0.031426   0.004652   0.001053   0.000351   0.003687   0.036780   0.130004   0.791433 
pic\flag\yuedan.jpg  0.403564   0.004517   0.006714   0.156616   0.141968   0.002563   0.006104   0.180176   0.086426   0.008423   0.001709   0.001221   0.448608   0.006226   0.002319   0.001343   0.001099   0.001953   0.001831   0.001953   0.003052   0.004150   0.014893   0.512573   0.276978   0.002441   0.001587   0.016113   0.005005   0.079468   0.187622   0.001709   0.001587   0.006348   0.015991   0.405151 
pic\flag\zhili.jpg  0.447468   0.009968   0.011584   0.000898   0.001527   0.005029   0.004221   0.009159   0.499282   0.010327   0.000359   0.000180   0.327407   0.006825   0.000898   0.000988   0.007723   0.001257   0.000359   0.000718   0.000718   0.005657   0.005029   0.642421   0.000000   0.000000   0.000000   0.000000   0.000180   0.004670   0.004849   0.127784   0.022719   0.008980   0.024066   0.806753 