40
pic\winter\Sr019.jpg  0.125000   0.328167   0.431149   0.333333   0.264811   0.278273   0.333333   0.303648   0.341419 
pic\winter\Sr020.jpg  0.125000   0.291151   0.379626   0.333333   0.270977   0.289064   0.333333   0.238126   0.216985 
pic\winter\Sr021.jpg  0.125000   0.329304   0.432644   0.333333   0.265068   0.278124   0.333333   0.470772   0.528541 
pic\winter\Sr022.jpg  0.125000   0.201850   0.235871   0.333333   0.269804   0.287012   0.333333   0.469162   0.527033 
pic\winter\Sr023.jpg  0.125000   0.216774   0.248223   0.333333   0.281967   0.308667   0.333333   0.469564   0.527410 
pic\winter\Sr048.jpg  0.125000   0.245881   0.300804   0.333333   0.377881   0.434545   0.333333   0.470599   0.528380 
pic\winter\Sr049.jpg  0.125000   0.216631   0.229127   0.333333   0.290945   0.325401   0.333333   0.465318   0.523416 
pic\winter\Sr050.jpg  0.125000   0.236697   0.282068   0.333333   0.340651   0.390900   0.333333   0.469564   0.527410 
pic\winter\Sr051.jpg  0.125000   0.215171   0.225990   0.333333   0.256754   0.263863   0.333333   0.452094   0.510814 
pic\winter\Sr052.jpg  0.125000   0.268059   0.344163   0.333333   0.242282   0.230441   0.333333   0.464803   0.522929 
pic\winter\Sr053.jpg  0.125000   0.236743   0.283568   0.333333   0.235735   0.210084   0.333333   0.378292   0.434831 
pic\winter\Sr054.jpg  0.125000   0.329058   0.432321   0.333333   0.240430   0.253958   0.333333   0.334546   0.383110 
pic\winter\Sr055.jpg  0.125000   0.295248   0.385148   0.333333   0.438169   0.497265   0.333333   0.470657   0.528434 
pic\winter\Sr056.jpg  0.125000   0.271863   0.348758   0.333333   0.469449   0.527302   0.333333   0.470484   0.528272 
pic\winter\Sr057.jpg  0.125000   0.273574   0.351205   0.333333   0.299758   0.335873   0.333333   0.469967   0.527787 
pic\winter\Sr113.jpg  0.125000   0.160147   0.162417   0.333333   0.287545   0.340998   0.333333   0.073993   0.125563 
pic\winter\Sr114.jpg  0.125000   0.148531   0.149705   0.333333   0.415797   0.476185   0.333333   0.221159   0.286377 
pic\winter\Sr115.jpg  0.125000   0.238636   0.297967   0.333333   0.318489   0.375644   0.333333   0.207521   0.218485 
pic\winter\Sr116.jpg  0.125000   0.129909   0.145144   0.333333   0.387414   0.447644   0.333333   0.015815   0.043696 
pic\winter\Sr117.jpg  0.125000   0.243904   0.315797   0.333333   0.308551   0.357739   0.333333   0.222798   0.283286 
pic\winter\Sr118.jpg  0.125000   0.250487   0.321209   0.333333   0.378580   0.435730   0.333333   0.182089   0.199211 
pic\winter\Sr124.jpg  0.125000   0.305481   0.400791   0.333333   0.284284   0.345467   0.333333   0.391525   0.452675 
pic\winter\Sr125.jpg  0.125000   0.288491   0.377350   0.333333   0.265540   0.284477   0.333333   0.237608   0.234855 
pic\winter\Sr126.jpg  0.125000   0.326047   0.428360   0.333333   0.312720   0.354255   0.333333   0.463829   0.522009 
pic\winter\Sr127.jpg  0.125000   0.306017   0.401215   0.333333   0.091721   0.139579   0.333333   0.402711   0.461295 
pic\winter\Sr128.jpg  0.125000   0.299034   0.392300   0.333333   0.032525   0.072013   0.333333   0.338144   0.388414 
pic\winter\Sr129.jpg  0.125000   0.322868   0.424148   0.333333   0.078436   0.131318   0.333333   0.379020   0.435639 
pic\winter\Sr130.jpg  0.125000   0.258256   0.336808   0.333333   0.245742   0.281432   0.333333   0.230171   0.213311 
pic\winter\Sr131.jpg  0.125000   0.315705   0.414519   0.333333   0.121937   0.184086   0.333333   0.424896   0.484375 
pic\winter\Sr132.jpg  0.125000   0.211088   0.271108   0.333333   0.206210   0.208338   0.333333   0.147645   0.193878 
pic\winter\Sr133.jpg  0.125000   0.218565   0.276995   0.333333   0.381726   0.440981   0.333333   0.083751   0.126167 
pic\winter\Sr150.jpg  0.125000   0.209815   0.220019   0.333333   0.471174   0.528918   0.333333   0.234422   0.225394 
pic\winter\Sr151.jpg  0.125000   0.233830   0.278751   0.333333   0.471059   0.528811   0.333333   0.281162   0.312070 
pic\winter\Sr152.jpg  0.125000   0.231841   0.296588   0.333333   0.471405   0.529134   0.333333   0.228062   0.221852 
pic\winter\Sr153.jpg  0.125000   0.171749   0.182099   0.333333   0.392755   0.450714   0.333333   0.062565   0.109073 
pic\winter\Sr154.jpg  0.125000   0.219934   0.242632   0.333333   0.447171   0.506057   0.333333   0.236695   0.260569 
pic\winter\Sr155.jpg  0.125000   0.298638   0.391671   0.333333   0.471289   0.529026   0.333333   0.430026   0.489188 
pic\winter\Sr156.jpg  0.125000   0.265923   0.339542   0.333333   0.471405   0.529134   0.333333   0.460800   0.519138 
pic\winter\Sr157.jpg  0.125000   0.236505   0.296500   0.333333   0.453569   0.512232   0.333333   0.367635   0.423708 
pic\winter\Sr158.jpg  0.125000   0.275232   0.357186   0.333333   0.243033   0.230855   0.333333   0.464688   0.522821 