
Width:14,Height:16

Left:2,Right:11,Top:1,Bottom:15

Left:3,Right:11,Top:0,Bottom:16
0,0,0,0,0,0,0,0,
0,1,1,1,1,1,0,0,
1,1,0,0,0,1,1,0,
1,0,0,0,0,0,1,1,
1,0,0,0,0,0,0,1,
1,0,0,0,0,0,0,1,
1,0,0,0,0,0,0,1,
1,0,0,0,0,0,0,1,
1,0,0,0,0,0,1,1,
1,1,0,0,0,1,1,1,
0,1,1,1,1,1,1,1,
0,0,0,0,0,0,0,1,
0,0,0,0,0,0,1,1,
1,1,0,0,0,0,1,1,
1,1,0,0,0,1,1,0,
0,0,0,0,0,0,0,0,
0,1,1,1,1,1,0,0,
2,1,0,0,0,1,2,1,
2,0,0,0,0,0,0,2,
2,0,0,0,0,0,0,2,
2,1,0,0,0,1,2,2,
0,1,1,1,1,1,1,2,
1,1,0,0,0,0,2,2,
1,1,0,0,0,1,1,0,
