40
pic\flower\E1453.jpg  0.583504   0.057719   0.071038   0.287568   0.000000   0.000000   0.000000   0.000171   0.173070   0.539020   0.287910   0.006233   0.330003   0.663764 
pic\flower\E1454.jpg  0.403258   0.362616   0.017038   0.213348   0.000665   0.000665   0.001164   0.001247   0.038564   0.335688   0.625748   0.000000   0.398853   0.601147 
pic\flower\E1455.jpg  0.655423   0.074570   0.117063   0.151786   0.000331   0.000331   0.000000   0.000496   0.032077   0.178902   0.789021   0.015212   0.575728   0.409061 
pic\flower\E1456.jpg  0.458419   0.100410   0.016650   0.418801   0.001537   0.001281   0.001537   0.001366   0.028518   0.170680   0.800803   0.019126   0.712346   0.268528 
pic\flower\E1458.jpg  0.728569   0.079320   0.035007   0.154457   0.000768   0.000342   0.000854   0.000683   0.050034   0.235229   0.714737   0.007599   0.520492   0.471909 
pic\flower\E1459.jpg  0.189122   0.303706   0.016223   0.490949   0.000000   0.000000   0.000000   0.000000   0.002647   0.272199   0.725154   0.015454   0.442964   0.541581 
pic\flower\E1461.jpg  0.598019   0.040727   0.148992   0.211322   0.000000   0.000427   0.000256   0.000256   0.042435   0.252220   0.705345   0.068391   0.617059   0.314549 
pic\flower\TM141.jpg  0.002894   0.013393   0.241319   0.236276   0.061673   0.074570   0.366981   0.002894   0.184358   0.689071   0.126571   0.407573   0.343254   0.249173 
pic\flower\TM146.jpg  0.002480   0.017113   0.214534   0.278274   0.107391   0.088955   0.289187   0.002067   0.366650   0.525215   0.108135   0.206928   0.514220   0.278853 
pic\flower\TM164.jpg  0.000579   0.000496   0.009838   0.183532   0.491567   0.106564   0.206845   0.000579   0.333581   0.648231   0.018188   0.397569   0.376323   0.226108 
pic\flower\TM166.jpg  0.000083   0.000248   0.015129   0.192460   0.319362   0.208168   0.264468   0.000083   0.228092   0.648313   0.123595   0.131035   0.588872   0.280093 
pic\flower\tn_0003.jpg  0.065848   0.005409   0.011933   0.719179   0.163462   0.011848   0.006696   0.015625   0.648352   0.025670   0.325979   0.039749   0.345467   0.614784 
pic\flower\tn_0004.jpg  0.071600   0.005065   0.391484   0.134701   0.352078   0.020175   0.007469   0.017428   0.608516   0.268458   0.123025   0.101820   0.341260   0.556920 
pic\flower\tn_0006.jpg  0.078383   0.009530   0.080872   0.484375   0.295072   0.023008   0.011332   0.017428   0.579413   0.105855   0.314732   0.106799   0.356971   0.536229 
pic\flower\tn_0007.jpg  0.066106   0.004808   0.016312   0.537002   0.329842   0.014080   0.009014   0.022837   0.606714   0.039578   0.353709   0.043870   0.391484   0.564646 
pic\flower\tn_0009.jpg  0.264337   0.012620   0.032452   0.561298   0.085766   0.013135   0.015110   0.015282   0.515367   0.020519   0.464114   0.039320   0.464973   0.495707 
pic\flower\tn_0014.jpg  0.544900   0.022751   0.015367   0.340058   0.008929   0.002060   0.000859   0.065076   0.698231   0.211882   0.089887   0.053829   0.294900   0.651271 
pic\flower\tn_0015.jpg  0.196686   0.020003   0.219952   0.451408   0.066277   0.011848   0.005151   0.028674   0.653932   0.104224   0.241844   0.099588   0.295244   0.605168 
pic\flower\tn_0016.jpg  0.320742   0.020003   0.041037   0.476648   0.013565   0.007727   0.006696   0.113582   0.544128   0.287002   0.168870   0.111006   0.395690   0.493304 
pic\flower\tn_0017.jpg  0.532624   0.024811   0.252060   0.137964   0.003091   0.000429   0.000944   0.048077   0.681490   0.307606   0.010903   0.061041   0.331302   0.607658 
pic\flower\tn_0018.jpg  0.319368   0.025155   0.208963   0.383843   0.026013   0.011418   0.006954   0.018286   0.686126   0.264595   0.049279   0.041295   0.315848   0.642857 
pic\flower\tn_0019.jpg  0.142256   0.020776   0.169128   0.572373   0.038204   0.021720   0.006525   0.029018   0.518716   0.348386   0.132898   0.077610   0.458019   0.464372 
pic\flower\tn_0021.jpg  0.058637   0.058036   0.148438   0.659598   0.041810   0.010302   0.008328   0.014852   0.455357   0.128091   0.416552   0.089887   0.503262   0.406851 
pic\flower\tn_0023.jpg  0.082675   0.259272   0.223386   0.392170   0.028846   0.002576   0.006181   0.004894   0.678486   0.071085   0.250429   0.115986   0.254121   0.629894 
pic\flower\tn_0024.jpg  0.084907   0.010731   0.016398   0.544557   0.302284   0.014595   0.010130   0.016398   0.574691   0.296360   0.128949   0.040522   0.425824   0.533654 
pic\flower\tn_0026.jpg  0.398781   0.064045   0.059238   0.395604   0.038633   0.007555   0.015367   0.020776   0.666810   0.019317   0.313874   0.038633   0.298249   0.663118 
pic\flower\tn_0027.jpg  0.409856   0.013822   0.018716   0.428142   0.088341   0.011762   0.018973   0.010388   0.654533   0.025841   0.319626   0.038977   0.332761   0.628262 
pic\flower\tn_0028.jpg  0.003949   0.000944   0.001374   0.328468   0.059581   0.174794   0.321429   0.109461   0.704928   0.030220   0.264852   0.053228   0.288633   0.658139 
pic\flower\tn_0029.jpg  0.005065   0.000429   0.001717   0.380666   0.076923   0.238067   0.151099   0.146034   0.655735   0.020948   0.323317   0.046617   0.334650   0.618733 
pic\flower\tn_0030.jpg  0.549794   0.018887   0.030907   0.354653   0.003434   0.001202   0.000859   0.040264   0.665350   0.211023   0.123626   0.119849   0.267170   0.612981 
pic\flower\tn_0032.jpg  0.400841   0.025412   0.170673   0.350532   0.010045   0.000601   0.000687   0.041209   0.526614   0.273180   0.200206   0.163376   0.370536   0.466089 
pic\flower\TOPC0476.jpg  0.718897   0.014085   0.088615   0.153903   0.000000   0.000000   0.002347   0.022154   0.936913   0.063087   0.000000   0.021127   0.219190   0.759683 
pic\flower\ys047.jpg  0.000000   0.000248   0.023810   0.354663   0.207093   0.049024   0.365079   0.000083   0.284309   0.646577   0.069114   0.339203   0.357970   0.302827 
pic\flower\ys048.jpg  0.008681   0.010747   0.336227   0.280093   0.041419   0.041419   0.153356   0.128059   0.359706   0.359540   0.280754   0.313988   0.425099   0.260913 
pic\flower\ys065.jpg  0.012897   0.001984   0.024058   0.468502   0.155341   0.033234   0.224785   0.079200   0.300678   0.563575   0.135747   0.590443   0.184110   0.225446 
pic\flower\ys066.jpg  0.002149   0.000331   0.082341   0.575397   0.148810   0.014302   0.063657   0.113013   0.260995   0.603836   0.135169   0.643270   0.158647   0.198082 
pic\flower\ys067.jpg  0.003968   0.002894   0.037368   0.379051   0.161458   0.045552   0.294230   0.075479   0.287202   0.549769   0.163029   0.503638   0.129878   0.366485 
pic\flower\ys069.jpg  0.011905   0.004795   0.050017   0.389964   0.156250   0.030589   0.204117   0.152364   0.208912   0.653108   0.137979   0.604167   0.245040   0.150794 
pic\flower\ys070.jpg  0.003886   0.000992   0.041501   0.407655   0.111938   0.079034   0.172040   0.182953   0.225612   0.650876   0.123512   0.040675   0.592758   0.366567 
pic\flower\ys071.jpg  0.003224   0.001075   0.018353   0.202546   0.447007   0.077794   0.148644   0.101356   0.311343   0.664765   0.023892   0.286541   0.516534   0.196925   