40
pic\winter\Sr019.jpg  0.083333   0.185506   0.225362   0.083333   0.074838   0.037544   0.083333   0.093347   0.069954 
pic\winter\Sr020.jpg  0.083333   0.194241   0.268106   0.083333   0.089809   0.078366   0.083333   0.092954   0.089484 
pic\winter\Sr021.jpg  0.083333   0.273935   0.395739   0.083333   0.172168   0.217217   0.083333   0.225303   0.317328 
pic\winter\Sr022.jpg  0.083333   0.162773   0.220636   0.083333   0.083866   0.072598   0.083333   0.129434   0.136400 
pic\winter\Sr023.jpg  0.083333   0.191023   0.266598   0.083333   0.075583   0.053628   0.083333   0.136486   0.152202 
pic\winter\Sr048.jpg  0.083333   0.263561   0.380411   0.083333   0.205536   0.293585   0.083333   0.242647   0.349023 
pic\winter\Sr049.jpg  0.083333   0.245470   0.351951   0.083333   0.170442   0.239997   0.083333   0.220393   0.315443 
pic\winter\Sr050.jpg  0.083333   0.262551   0.379122   0.083333   0.171284   0.242361   0.083333   0.208869   0.295926 
pic\winter\Sr051.jpg  0.083333   0.220977   0.310775   0.083333   0.089158   0.083063   0.083333   0.168181   0.229323 
pic\winter\Sr052.jpg  0.083333   0.167543   0.201814   0.083333   0.078916   0.057253   0.083333   0.121711   0.120535 
pic\winter\Sr053.jpg  0.083333   0.167893   0.201570   0.083333   0.096603   0.099205   0.083333   0.127622   0.154708 
pic\winter\Sr054.jpg  0.083333   0.193749   0.248288   0.083333   0.113741   0.120424   0.083333   0.117902   0.131936 
pic\winter\Sr055.jpg  0.083333   0.271205   0.391764   0.083333   0.140859   0.164392   0.083333   0.246415   0.353604 
pic\winter\Sr056.jpg  0.083333   0.265095   0.382812   0.083333   0.151452   0.187690   0.083333   0.274008   0.395846 
pic\winter\Sr057.jpg  0.083333   0.264315   0.381511   0.083333   0.147106   0.184669   0.083333   0.208436   0.285151 
pic\winter\Sr113.jpg  0.083333   0.147309   0.180712   0.083333   0.076183   0.057889   0.083333   0.029208   0.024297 
pic\winter\Sr114.jpg  0.083333   0.119325   0.143904   0.083333   0.130420   0.150320   0.083333   0.061009   0.049942 
pic\winter\Sr115.jpg  0.083333   0.194864   0.271056   0.083333   0.103820   0.114985   0.083333   0.063259   0.037203 
pic\winter\Sr116.jpg  0.083333   0.107984   0.137997   0.083333   0.108793   0.114426   0.083333   0.043344   -1.#IND00
pic\winter\Sr117.jpg  0.083333   0.151620   0.184170   0.083333   0.079798   0.067977   0.083333   0.064384   0.054757 
pic\winter\Sr118.jpg  0.083333   0.178423   0.244837   0.083333   0.108115   0.114125   0.083333   0.051408   -1.#IND00
pic\winter\Sr124.jpg  0.083333   0.254555   0.367441   0.083333   0.091930   0.096036   0.083333   0.148492   0.179722 
pic\winter\Sr125.jpg  0.083333   0.240835   0.346970   0.083333   0.072947   0.059517   0.083333   0.122094   0.144187 
pic\winter\Sr126.jpg  0.083333   0.228023   0.322451   0.083333   0.137697   0.186863   0.083333   0.201692   0.282282 
pic\winter\Sr127.jpg  0.083333   0.252873   0.364706   0.083333   0.099443   0.133350   0.083333   0.180034   0.246046 
pic\winter\Sr128.jpg  0.083333   0.243378   0.351106   0.083333   0.050526   0.030317   0.083333   0.147607   0.190930 
pic\winter\Sr129.jpg  0.083333   0.259634   0.374738   0.083333   0.072201   0.075131   0.083333   0.165566   0.217847 
pic\winter\Sr130.jpg  0.083333   0.202603   0.290546   0.083333   0.067061   0.048394   0.083333   0.086806   0.075764 
pic\winter\Sr131.jpg  0.083333   0.262346   0.378842   0.083333   0.124742   0.174290   0.083333   0.166159   0.223401 
pic\winter\Sr132.jpg  0.083333   0.142035   0.191657   0.083333   0.097928   0.123537   0.083333   0.091483   0.126635 
pic\winter\Sr133.jpg  0.083333   0.139606   0.173879   0.083333   0.105149   0.108554   0.083333   0.059782   0.063643 
pic\winter\Sr150.jpg  0.083333   0.173044   0.209764   0.083333   0.192089   0.244980   0.083333   0.101450   0.106780 
pic\winter\Sr151.jpg  0.083333   0.220735   0.313655   0.083333   0.249421   0.358238   0.083333   0.128315   0.149589 
pic\winter\Sr152.jpg  0.083333   0.147749   0.177937   0.083333   0.225641   0.317307   0.083333   0.069520   0.016686 
pic\winter\Sr153.jpg  0.083333   0.142515   0.178536   0.083333   0.146694   0.197553   0.083333   0.027985   0.014814 
pic\winter\Sr154.jpg  0.083333   0.154028   0.182435   0.083333   0.146501   0.182775   0.083333   0.066614   0.044092 
pic\winter\Sr155.jpg  0.083333   0.219002   0.312507   0.083333   0.170309   0.215458   0.083333   0.134944   0.167942 
pic\winter\Sr156.jpg  0.083333   0.224013   0.316731   0.083333   0.266484   0.384835   0.083333   0.172956   0.216298 
pic\winter\Sr157.jpg  0.083333   0.198974   0.278642   0.083333   0.161851   0.208823   0.083333   0.111496   0.131540 
pic\winter\Sr158.jpg  0.083333   0.226654   0.324968   0.083333   0.141286   0.166433   0.083333   0.171007   0.207500  