40
pic\flag\agt.jpg  0.125000   0.212078   0.267250   0.333333   0.192326   0.233391   0.333333   0.462090   0.520402 
pic\flag\aiji.jpg  0.125000   0.184235   0.201634   0.333333   0.262741   0.283930   0.333333   0.260820   0.279551 
pic\flag\airlan.jpg  0.125000   0.154320   0.132039   0.333333   0.267639   0.290188   0.333333   0.271109   0.289300 
pic\flag\alq.jpg  0.125000   0.159488   0.145603   0.333333   0.228823   0.208676   0.333333   0.125992   0.188572 
pic\flag\aman.jpg  0.125000   0.177416   0.210431   0.333333   0.304396   0.353460   0.333333   0.316421   0.359450 
pic\flag\aodili.jpg  0.125000   0.217563   0.263152   0.333333   0.264524   0.277087   0.333333   0.471405   0.529134 
pic\flag\balin.jpg  0.125000   0.228800   0.287716   0.333333   0.273938   0.303116   0.333333   0.461523   0.519828 
pic\flag\banama.jpg  0.125000   0.178649   0.207310   0.333333   0.228055   0.208335   0.333333   0.307737   0.347324 
pic\flag\beinin.jpg  0.125000   0.157055   0.141929   0.333333   0.471405   0.529134   0.333333   0.235437   0.229966 
pic\flag\bilu.jpg  0.125000   0.220936   0.269671   0.333333   0.261560   0.285777   0.333333   0.471405   0.529134 
pic\flag\bingdao.jpg  0.125000   0.221431   0.276764   0.333333   0.354865   0.410829   0.333333   0.470739   0.528511 
pic\flag\bolan.jpg  0.125000   0.193093   0.204357   0.333333   0.233083   0.209211   0.333333   0.446500   0.505414 
pic\flag\danmai.jpg  0.125000   0.243847   0.311623   0.333333   0.300705   0.339163   0.333333   0.471405   0.529134 
pic\flag\deguo.jpg  0.125000   0.158536   0.128205   0.333333   0.284990   0.312936   0.333333   0.268787   0.285078 
pic\flag\egdr.jpg  0.125000   0.174168   0.180281   0.333333   0.460400   0.518758   0.333333   0.307865   0.354880 
pic\flag\eluosi.jpg  0.125000   0.218995   0.248601   0.333333   0.261097   0.284823   0.333333   0.440704   0.499750 
pic\flag\faguo.jpg  0.125000   0.192679   0.211922   0.333333   0.261959   0.282714   0.333333   0.471273   0.529011 
pic\flag\fenlan.jpg  0.125000   0.252221   0.329523   0.333333   0.284815   0.320422   0.333333   0.434650   0.493813 
pic\flag\gangguo.jpg  0.125000   0.140227   0.108962   0.333333   0.468678   0.526578   0.333333   0.262822   0.281385 
pic\flag\guba.jpg  0.125000   0.192961   0.237568   0.333333   0.243980   0.280155   0.333333   0.454345   0.512977 
pic\flag\helan.jpg  0.125000   0.197971   0.221388   0.333333   0.259417   0.278672   0.333333   0.264985   0.281310 
pic\flag\jiana.jpg  0.125000   0.135410   0.107068   0.333333   0.466465   0.524500   0.333333   0.243816   0.271828 
pic\flag\jieke.jpg  0.125000   0.170638   0.179584   0.333333   0.257047   0.265181   0.333333   0.440993   0.500617 
pic\flag\jnd.jpg  0.125000   0.218779   0.281177   0.333333   0.252962   0.280098   0.333333   0.471405   0.529134 
pic\flag\mxg.jpg  0.125000   0.137634   0.132108   0.333333   0.277387   0.309891   0.333333   0.251757   0.257266 
pic\flag\njlg.jpg  0.125000   0.269978   0.353239   0.333333   0.254192   0.284205   0.333333   0.464878   0.523000 
pic\flag\nuowei.jpg  0.125000   0.218414   0.269838   0.333333   0.347539   0.408724   0.333333   0.354885   0.407996 
pic\flag\riben.jpg  0.125000   0.218816   0.271924   0.333333   0.334510   0.385281   0.333333   0.444189   0.503170 
pic\flag\ruidian.jpg  0.125000   0.229545   0.274067   0.333333   0.455067   0.513675   0.333333   0.436296   0.495413 
pic\flag\ruishi.jpg  0.125000   0.262846   0.343180   0.333333   0.331990   0.384046   0.333333   0.470561   0.528344 
pic\flag\wlgui.jpg  0.125000   0.146220   0.175712   0.333333   0.196997   0.222086   0.333333   0.448077   0.506946 
pic\flag\xila.jpg  0.125000   0.169351   0.204149   0.333333   0.208040   0.208490   0.333333   0.471405   0.529134 
pic\flag\xyl.jpg  0.125000   0.146546   0.126663   0.333333   0.266102   0.290038   0.333333   0.266102   0.290038 
pic\flag\ydl.jpg  0.125000   0.147251   0.123335   0.333333   0.261560   0.285777   0.333333   0.271109   0.289300 
pic\flag\yemen.jpg  0.125000   0.198028   0.221277   0.333333   0.268327   0.296007   0.333333   0.264966   0.282713 
pic\flag\ying.jpg  0.125000   0.152719   0.160606   0.333333   0.216882   0.250475   0.333333   0.284984   0.316042 
pic\flag\yini.jpg  0.125000   0.199961   0.212910   0.333333   0.235527   0.209935   0.333333   0.445915   0.504863 
pic\flag\ysl.jpg  0.125000   0.205367   0.263815   0.333333   0.260134   0.280045   0.333333   0.444721   0.503704 
pic\flag\yuedan.jpg  0.125000   0.154811   0.138128   0.333333   0.232953   0.214444   0.333333   0.068367   0.120837 
pic\flag\zhili.jpg  0.125000   0.205938   0.216890   0.333333   0.262825   0.283299   0.333333   0.378376   0.434924 