40
pic\flag\agt.jpg  0.083333   0.179271   0.248723   0.083333   0.163989   0.213366   0.083333   0.177839   0.228237 
pic\flag\aiji.jpg  0.083333   0.157427   0.198349   0.083333   0.185942   0.240651   0.083333   0.187249   0.242970 
pic\flag\airlan.jpg  0.083333   0.133023   0.142302   0.083333   0.182672   0.237111   0.083333   0.136969   0.143569 
pic\flag\alq.jpg  0.083333   0.135939   0.154652   0.083333   0.181399   0.220423   0.083333   0.153506   0.183441 
pic\flag\aman.jpg  0.083333   0.141691   0.178675   0.083333   0.140045   0.165977   0.083333   0.186198   0.255886 
pic\flag\aodili.jpg  0.083333   0.170721   0.226408   0.083333   0.190819   0.246594   0.083333   0.272857   0.394155 
pic\flag\balin.jpg  0.083333   0.178894   0.246560   0.083333   0.193231   0.257415   0.083333   0.263754   0.380895 
pic\flag\banama.jpg  0.083333   0.151662   0.198238   0.083333   0.143349   0.166889   0.083333   0.143503   0.170357 
pic\flag\beinin.jpg  0.083333   0.123933   0.132969   0.083333   0.272343   0.393404   0.083333   0.180694   0.224381 
pic\flag\bilu.jpg  0.083333   0.187455   0.253779   0.083333   0.184142   0.238021   0.083333   0.193700   0.251573 
pic\flag\bingdao.jpg  0.083333   0.184548   0.255408   0.083333   0.204344   0.290992   0.083333   0.169777   0.214079 
pic\flag\bolan.jpg  0.083333   0.166584   0.203140   0.083333   0.161903   0.196599   0.083333   0.171752   0.208382 
pic\flag\danmai.jpg  0.083333   0.179448   0.248250   0.083333   0.205465   0.282044   0.083333   0.263853   0.380755 
pic\flag\deguo.jpg  0.083333   0.131086   0.135908   0.083333   0.192281   0.253471   0.083333   0.191934   0.249884 
pic\flag\egdr.jpg  0.083333   0.153932   0.184588   0.083333   0.244764   0.351380   0.083333   0.150051   0.183266 
pic\flag\eluosi.jpg  0.083333   0.134690   0.141239   0.083333   0.165561   0.209359   0.083333   0.130142   0.136051 
pic\flag\faguo.jpg  0.083333   0.160016   0.203326   0.083333   0.192361   0.250818   0.083333   0.256361   0.369976 
pic\flag\fenlan.jpg  0.083333   0.213827   0.306963   0.083333   0.197465   0.265837   0.083333   0.181935   0.248010 
pic\flag\gangguo.jpg  0.083333   0.105293   0.100987   0.083333   0.261302   0.377270   0.083333   0.180237   0.240686 
pic\flag\guba.jpg  0.083333   0.162300   0.226408   0.083333   0.121161   0.132085   0.083333   0.168809   0.205537 
pic\flag\helan.jpg  0.083333   0.167839   0.215335   0.083333   0.169143   0.214849   0.083333   0.128873   0.135826 
pic\flag\jiana.jpg  0.083333   0.106408   0.106335   0.083333   0.263027   0.379832   0.083333   0.177590   0.238406 
pic\flag\jieke.jpg  0.083333   0.136618   0.169413   0.083333   0.190068   0.243603   0.083333   0.252138   0.364094 
pic\flag\jnd.jpg  0.083333   0.166849   0.234181   0.083333   0.185575   0.243839   0.083333   0.264006   0.381108 
pic\flag\mxg.jpg  0.083333   0.129713   0.149886   0.083333   0.186156   0.250968   0.083333   0.135403   0.143606 
pic\flag\njlg.jpg  0.083333   0.184829   0.258058   0.083333   0.177817   0.234920   0.083333   0.179956   0.233839 
pic\flag\nuowei.jpg  0.083333   0.176696   0.241499   0.083333   0.178209   0.249659   0.083333   0.160826   0.220403 
pic\flag\riben.jpg  0.083333   0.182468   0.254868   0.083333   0.217417   0.304114   0.083333   0.260024   0.375430 
pic\flag\ruidian.jpg  0.083333   0.195112   0.259967   0.083333   0.246841   0.356085   0.083333   0.172292   0.227075 
pic\flag\ruishi.jpg  0.083333   0.217398   0.312062   0.083333   0.195107   0.271545   0.083333   0.210301   0.291560 
pic\flag\wlgui.jpg  0.083333   0.100779   0.123387   0.083333   0.155110   0.195267   0.083333   0.153589   0.195207 
pic\flag\xila.jpg  0.083333   0.170182   0.237171   0.083333   0.153055   0.187576   0.083333   0.164182   0.195740 
pic\flag\xyl.jpg  0.083333   0.108594   0.108726   0.083333   0.185391   0.242068   0.083333   0.184252   0.248160 
pic\flag\ydl.jpg  0.083333   0.117289   0.122240   0.083333   0.194747   0.254251   0.083333   0.195867   0.256988 
pic\flag\yemen.jpg  0.083333   0.170042   0.216797   0.083333   0.194449   0.258267   0.083333   0.135281   0.141912 
pic\flag\ying.jpg  0.083333   0.125451   0.151692   0.083333   0.111028   0.120227   0.083333   0.101726   0.100498 
pic\flag\yini.jpg  0.083333   0.154236   0.184331   0.083333   0.180830   0.219457   0.083333   0.258357   0.372953 
pic\flag\ysl.jpg  0.083333   0.121750   0.144043   0.083333   0.173682   0.229544   0.083333   0.216470   0.307960 
pic\flag\yuedan.jpg  0.083333   0.117023   0.137061   0.083333   0.178175   0.217090   0.083333   0.128984   0.146865 
pic\flag\zhili.jpg  0.083333   0.174797   0.212689   0.083333   0.190774   0.248479   0.083333   0.220807   0.314694 