40
pic\winter\Sr019.jpg  0.512451   0.483398   0.000163   0.001058   0.000163   0.000000   0.000000   0.000081   0.001139   0.000570   0.000407   0.000570   0.151204   0.220540   0.132487   0.144368   0.106527   0.137451   0.101888   0.004883   0.000407   0.000163   0.000081   0.000000   0.000000   0.000000   0.000000   0.000000   0.000000   0.001383   0.047282   0.216878   0.175863   0.182292   0.230957   0.145345 
pic\winter\Sr020.jpg  0.700358   0.191650   0.003418   0.001628   0.000163   0.000163   0.000081   0.000244   0.001302   0.001221   0.005941   0.093831   0.257568   0.131755   0.086263   0.188151   0.212891   0.079834   0.043376   0.000163   0.000000   0.000000   0.000000   0.000000   0.000000   0.000000   0.000000   0.000000   0.000163   0.028402   0.298665   0.131266   0.114014   0.158936   0.186523   0.082031 
pic\winter\Sr021.jpg  0.991862   0.004801   0.000326   0.000488   0.000081   0.000163   0.000000   0.000326   0.000895   0.000651   0.000244   0.000163   0.000732   0.001953   0.006022   0.342773   0.562826   0.066081   0.018962   0.000651   0.000000   0.000000   0.000000   0.000000   0.000000   0.000000   0.000000   0.000000   0.000081   0.000326   0.000407   0.000081   0.001058   0.007080   0.812826   0.178141 
pic\winter\Sr022.jpg  0.180176   0.592204   0.115641   0.029622   0.021810   0.058105   0.000326   0.000163   0.000814   0.000488   0.000326   0.000326   0.268880   0.165283   0.102946   0.123779   0.147786   0.132324   0.053060   0.005859   0.000081   0.000000   0.000000   0.000000   0.000000   0.000000   0.000000   0.000000   0.000081   0.000244   0.000488   0.002360   0.106038   0.275553   0.244629   0.370605 
pic\winter\Sr023.jpg  0.128499   0.697510   0.132080   0.024414   0.011149   0.003092   0.000895   0.000570   0.000732   0.000326   0.000244   0.000488   0.208415   0.206624   0.154785   0.120443   0.114339   0.086670   0.075033   0.032796   0.000814   0.000081   0.000000   0.000000   0.000000   0.000000   0.000000   0.000000   0.000000   0.000244   0.000732   0.001628   0.085205   0.197021   0.307292   0.407878 
pic\winter\Sr048.jpg  0.038167   0.956787   0.002035   0.000326   0.000081   0.000000   0.000000   0.000651   0.001465   0.000000   0.000326   0.000163   0.001139   0.007324   0.758382   0.095052   0.058350   0.044271   0.023438   0.011230   0.000814   0.000000   0.000000   0.000000   0.000000   0.000000   0.000000   0.000000   0.000081   0.000407   0.000244   0.000407   0.005452   0.037109   0.071208   0.885091 
pic\winter\Sr049.jpg  0.103516   0.892008   0.001790   0.000326   0.000000   0.000081   0.000163   0.000488   0.001139   0.000081   0.000163   0.000244   0.001302   0.049967   0.636149   0.024658   0.066895   0.123535   0.052979   0.039795   0.004395   0.000326   0.000000   0.000000   0.000000   0.000000   0.000000   0.000000   0.000081   0.000244   0.001383   0.006917   0.038737   0.053385   0.090820   0.808431 
pic\winter\Sr050.jpg  0.022054   0.953776   0.018717   0.001383   0.000244   0.000081   0.000163   0.000977   0.001790   0.000244   0.000081   0.000488   0.641520   0.079590   0.028727   0.051514   0.092773   0.064697   0.034668   0.006104   0.000407   0.000000   0.000000   0.000000   0.000000   0.000000   0.000000   0.000000   0.000163   0.000570   0.000081   0.001790   0.025635   0.086589   0.120931   0.764242 
pic\winter\Sr051.jpg  0.180501   0.797770   0.016683   0.001872   0.000244   0.000244   0.000244   0.000570   0.001302   0.000244   0.000244   0.000081   0.090576   0.225830   0.265055   0.046224   0.115479   0.168213   0.072835   0.013753   0.001872   0.000163   0.000000   0.000000   0.000000   0.000000   0.000000   0.000000   0.000081   0.000407   0.004720   0.022298   0.072266   0.153320   0.134115   0.612793 
pic\winter\Sr052.jpg  0.472168   0.438232   0.071370   0.008464   0.004069   0.000977   0.001953   0.000570   0.001302   0.000244   0.000081   0.000570   0.209717   0.045573   0.054606   0.115560   0.150716   0.186198   0.190186   0.045980   0.001383   0.000081   0.000000   0.000000   0.000000   0.000000   0.000000   0.000000   0.000081   0.000488   0.000570   0.008219   0.177897   0.313314   0.192708   0.306722 
pic\winter\Sr053.jpg  0.455892   0.455566   0.078695   0.003092   0.002279   0.000244   0.000488   0.001546   0.001302   0.000407   0.000163   0.000326   0.295166   0.083171   0.065104   0.061361   0.107747   0.253743   0.131429   0.002279   0.000000   0.000000   0.000000   0.000000   0.000000   0.000000   0.000000   0.000000   0.000163   0.000326   0.003662   0.133464   0.200358   0.124349   0.094482   0.443197 
pic\winter\Sr054.jpg  0.635010   0.361328   0.000814   0.000326   0.000081   0.000081   0.000244   0.000326   0.001221   0.000407   0.000081   0.000081   0.000651   0.002035   0.060628   0.303792   0.008870   0.133952   0.320475   0.146159   0.022786   0.000651   0.000000   0.000000   0.000000   0.000000   0.000000   0.000000   0.000326   0.000651   0.063883   0.144368   0.087891   0.053304   0.281901   0.367676 
pic\winter\Sr055.jpg  0.012777   0.982747   0.002035   0.000163   0.000000   0.000081   0.000081   0.000488   0.000895   0.000163   0.000163   0.000407   0.045410   0.348145   0.421387   0.137451   0.040934   0.004883   0.001139   0.000570   0.000081   0.000000   0.000000   0.000000   0.000000   0.000000   0.000000   0.000000   0.000081   0.000326   0.000163   0.000488   0.000814   0.004476   0.097900   0.895752 
pic\winter\Sr056.jpg  0.005859   0.962240   0.026367   0.001139   0.000000   0.000244   0.000488   0.000651   0.001790   0.000244   0.000163   0.000814   0.281901   0.117676   0.506999   0.090658   0.000977   0.000814   0.000570   0.000326   0.000081   0.000000   0.000000   0.000000   0.000000   0.000000   0.000000   0.000000   0.000326   0.000244   0.000163   0.000570   0.000814   0.001709   0.004069   0.992106 
pic\winter\Sr057.jpg  0.037516   0.959310   0.000488   0.000488   0.000081   0.000000   0.000163   0.000326   0.001139   0.000326   0.000163   0.000000   0.000814   0.507487   0.195231   0.023438   0.208822   0.056234   0.006104   0.001628   0.000244   0.000000   0.000000   0.000000   0.000000   0.000000   0.000000   0.000000   0.000000   0.000326   0.000570   0.001139   0.004313   0.008789   0.247884   0.736979 
pic\winter\Sr113.jpg  0.343831   0.006429   0.000163   0.001546   0.001709   0.002848   0.041097   0.467041   0.036621   0.014486   0.025635   0.058594   0.195394   0.195557   0.185140   0.150635   0.120768   0.056315   0.030518   0.018229   0.010091   0.011800   0.011475   0.014079   0.059977   0.069580   0.080729   0.103271   0.122314   0.142253   0.107015   0.060628   0.050944   0.052979   0.053630   0.096680 
pic\winter\Sr114.jpg  0.397624   0.014730   0.000326   0.002930   0.000407   0.003743   0.061361   0.060303   0.059896   0.043620   0.077718   0.277344   0.367757   0.359131   0.134115   0.059733   0.036051   0.012533   0.010498   0.003988   0.003743   0.002604   0.001790   0.008057   0.116455   0.189128   0.179688   0.158691   0.081624   0.033610   0.018148   0.013021   0.020752   0.051595   0.054688   0.082601 
pic\winter\Sr115.jpg  0.706380   0.026367   0.002930   0.001465   0.000488   0.000895   0.000895   0.005941   0.008219   0.016195   0.036214   0.194010   0.031331   0.197021   0.342122   0.205078   0.101644   0.046143   0.026204   0.012288   0.008870   0.006755   0.004313   0.018229   0.058268   0.142660   0.167969   0.179769   0.155518   0.115234   0.078451   0.049154   0.027751   0.014486   0.006836   0.003906 
pic\winter\Sr116.jpg  0.400798   0.034424   0.004395   0.005534   0.014486   0.054525   0.057048   0.191488   0.060710   0.022786   0.043376   0.110433   0.293294   0.305339   0.174723   0.105713   0.057943   0.027832   0.011393   0.005290   0.005371   0.002116   0.002035   0.008952   0.051432   0.079997   0.103353   0.118001   0.128418   0.103841   0.061849   0.019938   0.014242   0.042969   0.155355   0.120605 
pic\winter\Sr117.jpg  0.453206   0.386230   0.049398   0.026693   0.019124   0.023275   0.019531   0.003174   0.003337   0.000570   0.003092   0.012370   0.228841   0.199544   0.182780   0.142008   0.083740   0.042643   0.048014   0.052002   0.008057   0.002197   0.001709   0.008464   0.017334   0.033773   0.070719   0.117106   0.154785   0.166504   0.212321   0.107259   0.056722   0.028727   0.019287   0.015462 
pic\winter\Sr118.jpg  0.648031   0.170492   0.088542   0.092204   0.000488   0.000000   0.000000   0.000000   0.000000   0.000000   0.000000   0.000244   0.109212   0.334961   0.248128   0.171061   0.086507   0.031657   0.011882   0.003743   0.001302   0.000488   0.000407   0.000651   0.000407   0.002767   0.015137   0.065348   0.127035   0.140218   0.126872   0.118652   0.120443   0.088298   0.056885   0.137939 
pic\winter\Sr124.jpg  0.927002   0.005615   0.000326   0.000081   0.000163   0.000000   0.000732   0.003499   0.005371   0.008057   0.013753   0.035400   0.035726   0.052897   0.060303   0.043376   0.033447   0.170980   0.242106   0.283366   0.076742   0.000326   0.000081   0.000651   0.001709   0.005290   0.007894   0.011556   0.016032   0.017985   0.023275   0.030355   0.393066   0.434163   0.051025   0.007650 
pic\winter\Sr125.jpg  0.880208   0.005859   0.000244   0.000244   0.000163   0.000081   0.001058   0.006429   0.008382   0.015544   0.020264   0.061523   0.062663   0.091553   0.088135   0.095540   0.136637   0.180257   0.237549   0.101807   0.005290   0.000488   0.000081   0.000000   0.000163   0.001872   0.003092   0.007324   0.015381   0.032959   0.093343   0.265706   0.403402   0.132894   0.030843   0.013021 
pic\winter\Sr126.jpg  0.165039   0.824626   0.000651   0.000163   0.000000   0.000407   0.000895   0.001628   0.001058   0.000407   0.001465   0.003662   0.021484   0.047933   0.080404   0.098470   0.102539   0.121094   0.516357   0.011719   0.000000   0.000000   0.000000   0.000000   0.000000   0.000000   0.000000   0.000000   0.000326   0.001139   0.001709   0.007568   0.033854   0.177653   0.732585   0.045166 
pic\winter\Sr127.jpg  0.920817   0.013672   0.000407   0.000081   0.000163   0.000732   0.000977   0.001790   0.001628   0.002848   0.006673   0.050212   0.032227   0.112223   0.108480   0.087158   0.073568   0.061279   0.044108   0.038818   0.040202   0.393311   0.008626   0.000000   0.000000   0.000000   0.000000   0.000570   0.001139   0.002197   0.009766   0.086344   0.649414   0.202555   0.044027   0.003988 
pic\winter\Sr128.jpg  0.889567   0.028158   0.001872   0.001058   0.000488   0.001628   0.004964   0.009847   0.006266   0.005941   0.008626   0.041585   0.047689   0.116374   0.110189   0.104329   0.092285   0.078206   0.073324   0.074056   0.195964   0.105957   0.001628   0.000000   0.000000   0.000081   0.000326   0.001790   0.003743   0.013021   0.037028   0.146322   0.522624   0.213460   0.055501   0.006104 
pic\winter\Sr129.jpg  0.943766   0.037679   0.000895   0.000163   0.000326   0.000244   0.000244   0.001302   0.001139   0.000977   0.001953   0.011312   0.034017   0.134359   0.146810   0.124186   0.093994   0.065430   0.051921   0.040771   0.040853   0.265625   0.002035   0.000000   0.000000   0.000000   0.000000   0.000000   0.000000   0.000326   0.011068   0.125081   0.583415   0.232829   0.043783   0.003499 
pic\winter\Sr130.jpg  0.751058   0.059896   0.005941   0.004232   0.002197   0.002523   0.011882   0.022868   0.020508   0.014730   0.025228   0.078939   0.194255   0.198649   0.138428   0.114258   0.098470   0.093506   0.087158   0.030192   0.018880   0.024007   0.002197   0.000000   0.000000   0.000244   0.002197   0.008219   0.025635   0.080973   0.175293   0.249919   0.204834   0.163493   0.062174   0.027018 
pic\winter\Sr131.jpg  0.953125   0.006999   0.000081   0.000000   0.000081   0.000000   0.000407   0.002035   0.001302   0.003174   0.006673   0.026123   0.017171   0.067790   0.084066   0.078532   0.069255   0.061198   0.052897   0.063314   0.486003   0.019694   0.000081   0.000000   0.000000   0.000326   0.001139   0.002523   0.005615   0.009196   0.013509   0.034424   0.214844   0.596761   0.102458   0.019206 
pic\winter\Sr132.jpg  0.524984   0.184652   0.052002   0.041748   0.068441   0.073079   0.032552   0.012126   0.002035   0.001628   0.001383   0.005371   0.079997   0.150798   0.107422   0.088216   0.093262   0.372233   0.040527   0.020101   0.014811   0.008626   0.006185   0.017822   0.100911   0.114746   0.068522   0.048503   0.045736   0.036702   0.032796   0.037598   0.042318   0.052572   0.375407   0.044189 
pic\winter\Sr133.jpg  0.476969   0.255615   0.040039   0.018473   0.009521   0.006266   0.010173   0.003906   0.004964   0.008057   0.018555   0.147461   0.187012   0.312256   0.255615   0.114990   0.060954   0.027425   0.018880   0.009440   0.006022   0.003011   0.001465   0.002930   0.030680   0.093099   0.110840   0.134359   0.236654   0.098063   0.043701   0.034912   0.036051   0.034180   0.027995   0.119466 
pic\winter\Sr150.jpg  0.491048   0.001953   0.000000   0.000000   0.000000   0.000000   0.000000   0.003825   0.003906   0.007406   0.045329   0.446533   0.367757   0.625163   0.006185   0.000570   0.000244   0.000081   0.000000   0.000000   0.000000   0.000000   0.000000   0.000000   0.000000   0.000407   0.002360   0.008464   0.021240   0.054443   0.117513   0.233236   0.319417   0.173340   0.052734   0.016846 
pic\winter\Sr151.jpg  0.003255   0.000163   0.000000   0.000407   0.000326   0.004639   0.137207   0.804525   0.043457   0.002767   0.001383   0.001872   0.906331   0.091797   0.000977   0.000407   0.000081   0.000000   0.000081   0.000081   0.000000   0.000000   0.000000   0.000244   0.000814   0.001058   0.001628   0.003988   0.009847   0.023763   0.067952   0.197347   0.419352   0.245117   0.026855   0.002279 
pic\winter\Sr152.jpg  0.028158   0.003662   0.000732   0.001953   0.002848   0.022461   0.426839   0.395671   0.064941   0.024577   0.012858   0.015299   0.812744   0.183675   0.003255   0.000326   0.000000   0.000000   0.000000   0.000000   0.000000   0.000000   0.000000   0.000000   0.000000   0.000570   0.010091   0.008870   0.017497   0.070964   0.171875   0.165365   0.135661   0.120117   0.123128   0.175863 
pic\winter\Sr153.jpg  0.485107   0.000488   0.000081   0.000163   0.000326   0.002197   0.004720   0.024251   0.044922   0.068685   0.094320   0.274740   0.076090   0.540202   0.163656   0.104899   0.072347   0.027995   0.012126   0.002197   0.000244   0.000163   0.000000   0.000081   0.029297   0.099609   0.064209   0.062988   0.071045   0.075277   0.084066   0.104167   0.136882   0.121663   0.088053   0.062744 
pic\winter\Sr154.jpg  0.464600   0.138590   0.000977   0.000081   0.000000   0.000000   0.000163   0.000244   0.000326   0.002035   0.029541   0.363444   0.058838   0.501139   0.241699   0.163737   0.032389   0.002116   0.000081   0.000000   0.000000   0.000000   0.000000   0.000000   0.000000   0.000244   0.003499   0.034017   0.141846   0.208089   0.159180   0.108073   0.081624   0.063232   0.053874   0.146322 
pic\winter\Sr155.jpg  0.801758   0.116048   0.003011   0.003092   0.001790   0.003825   0.007650   0.000895   0.006673   0.001709   0.004232   0.049316   0.566813   0.312419   0.111491   0.009115   0.000163   0.000000   0.000000   0.000000   0.000000   0.000000   0.000000   0.000000   0.000000   0.000000   0.000000   0.000000   0.000000   0.003743   0.012451   0.043294   0.106608   0.173096   0.188721   0.472087 
pic\winter\Sr156.jpg  0.811523   0.000488   0.000000   0.000000   0.000000   0.000000   0.000000   0.000000   0.000570   0.005127   0.019368   0.162923   0.023600   0.966878   0.009277   0.000244   0.000000   0.000000   0.000000   0.000000   0.000000   0.000000   0.000000   0.000000   0.000000   0.000000   0.000000   0.000000   0.000244   0.001302   0.003581   0.009928   0.020182   0.045736   0.366292   0.552734 
pic\winter\Sr157.jpg  0.724284   0.002035   0.000000   0.000081   0.000081   0.000000   0.000081   0.002035   0.017578   0.029948   0.050456   0.173421   0.061523   0.556885   0.277507   0.078695   0.023926   0.001058   0.000407   0.000000   0.000000   0.000000   0.000000   0.000000   0.000000   0.000000   0.000163   0.003581   0.009277   0.025960   0.045329   0.069336   0.101400   0.181478   0.388753   0.174723 
pic\winter\Sr158.jpg  0.084473   0.830159   0.050456   0.030762   0.000732   0.000081   0.000651   0.000000   0.000570   0.000163   0.000244   0.001709   0.385498   0.084391   0.021403   0.082682   0.399333   0.018717   0.005046   0.002441   0.000488   0.000000   0.000000   0.000000   0.000000   0.000000   0.000000   0.000000   0.000000   0.000407   0.003255   0.005859   0.018392   0.044352   0.435954   0.491781 