40
pic\flower\E1453.jpg  0.083333   0.184589   0.236623   0.083333   0.050288   0.021817   0.083333   0.092524   0.079062 
pic\flower\E1454.jpg  0.083333   0.202274   0.285599   0.083333   0.131226   0.177836   0.083333   0.118075   0.125108 
pic\flower\E1455.jpg  0.083333   0.198924   0.268905   0.083333   0.167219   0.232946   0.083333   0.087068   0.078068 
pic\flower\E1456.jpg  0.083333   0.160175   0.197822   0.083333   0.127525   0.161522   0.083333   0.105076   0.120673 
pic\flower\E1458.jpg  0.083333   0.215546   0.303933   0.083333   0.151044   0.211889   0.083333   0.089231   0.093159 
pic\flower\E1459.jpg  0.083333   0.161073   0.193171   0.083333   0.128890   0.166755   0.083333   0.092473   0.088171 
pic\flower\E1461.jpg  0.083333   0.165664   0.225801   0.083333   0.113778   0.143708   0.083333   0.075224   0.076589 
pic\flower\TM141.jpg  0.083333   0.106391   0.121670   0.083333   0.071615   0.057458   0.083333   0.042790   0.042425 
pic\flower\TM146.jpg  0.083333   0.094242   0.098733   0.083333   0.058091   -1.#IND00  0.083333   0.036385   0.023357 
pic\flower\TM164.jpg  0.083333   0.117886   0.136095   0.083333   0.085995   0.076242   0.083333   0.056830   0.050509 
pic\flower\TM166.jpg  0.083333   0.097157   0.084464   0.083333   0.065721   0.031511   0.083333   0.056604   0.035225 
pic\flower\tn_0003.jpg  0.083333   0.135068   0.158993   0.083333   0.164097   0.225517   0.083333   0.164144   0.221916 
pic\flower\tn_0004.jpg  0.083333   0.134657   0.160091   0.083333   0.151900   0.213123   0.083333   0.144718   0.197527 
pic\flower\tn_0006.jpg  0.083333   0.141921   0.178072   0.083333   0.143506   0.199093   0.083333   0.141966   0.187268 
pic\flower\tn_0007.jpg  0.083333   0.133045   0.155228   0.083333   0.153806   0.210243   0.083333   0.151265   0.200266 
pic\flower\tn_0009.jpg  0.083333   0.152132   0.198375   0.083333   0.140199   0.174944   0.083333   0.143480   0.172431 
pic\flower\tn_0014.jpg  0.083333   0.134527   0.171630   0.083333   0.170639   0.241369   0.083333   0.153471   0.211447 
pic\flower\tn_0015.jpg  0.083333   0.095872   0.084003   0.083333   0.166175   0.232885   0.083333   0.156982   0.216526 
pic\flower\tn_0016.jpg  0.083333   0.121342   0.147673   0.083333   0.130764   0.176106   0.083333   0.132137   0.169550 
pic\flower\tn_0017.jpg  0.083333   0.153799   0.187786   0.083333   0.161619   0.226286   0.083333   0.141397   0.191871 
pic\flower\tn_0018.jpg  0.083333   0.109327   0.111945   0.083333   0.174467   0.246416   0.083333   0.168409   0.233592 
pic\flower\tn_0019.jpg  0.083333   0.105951   0.111787   0.083333   0.131386   0.174722   0.083333   0.126953   0.157715 
pic\flower\tn_0021.jpg  0.083333   0.166126   0.234834   0.083333   0.127009   0.150549   0.083333   0.126553   0.143369 
pic\flower\tn_0023.jpg  0.083333   0.116410   0.131920   0.083333   0.173096   0.243978   0.083333   0.168687   0.229672 
pic\flower\tn_0024.jpg  0.083333   0.118005   0.122114   0.083333   0.150339   0.199097   0.083333   0.141842   0.185105 
pic\flower\tn_0026.jpg  0.083333   0.131401   0.156119   0.083333   0.170992   0.237652   0.083333   0.166584   0.228100 
pic\flower\tn_0027.jpg  0.083333   0.125490   0.145393   0.083333   0.166433   0.231586   0.083333   0.160757   0.219466 
pic\flower\tn_0028.jpg  0.083333   0.101481   0.108676   0.083333   0.171238   0.243483   0.083333   0.169922   0.238526 
pic\flower\tn_0029.jpg  0.083333   0.104642   0.124115   0.083333   0.158460   0.220709   0.083333   0.157297   0.217528 
pic\flower\tn_0030.jpg  0.083333   0.156039   0.197551   0.083333   0.159420   0.225541   0.083333   0.115155   0.137245 
pic\flower\tn_0032.jpg  0.083333   0.155043   0.191057   0.083333   0.128727   0.167253   0.083333   0.097898   0.104091 
pic\flower\TOPC0476.jpg  0.083333   0.164203   0.221433   0.083333   0.113281   0.110435   0.083333   0.122844   0.144238 
pic\flower\ys047.jpg  0.083333   0.101532   0.104005   0.083333   0.082123   0.070649   0.083333   0.059518   0.046838 
pic\flower\ys048.jpg  0.083333   0.124472   0.164902   0.083333   0.044238   0.015212   0.083333   0.059723   0.062333 
pic\flower\ys065.jpg  0.083333   0.119209   0.141173   0.083333   0.076502   0.081852   0.083333   0.092079   0.126468 
pic\flower\ys066.jpg  0.083333   0.119662   0.131721   0.083333   0.067729   0.048399   0.083333   0.064823   0.065577 
pic\flower\ys067.jpg  0.083333   0.093803   0.092363   0.083333   0.056927   0.054073   0.083333   0.045924   0.036830 
pic\flower\ys069.jpg  0.083333   0.101639   0.107055   0.083333   0.073340   0.073985   0.083333   0.079961   0.095744 
pic\flower\ys070.jpg  0.083333   0.086507   0.096400   0.083333   0.068262   0.059430   0.083333   0.061472   0.032955 
pic\flower\ys071.jpg  0.083333   0.101284   0.122316   0.083333   0.077837   0.061351   0.083333   0.047018   0.029660 