
Width:13,Height:19

Left:2,Right:10,Top:1,Bottom:18

Left:2,Right:10,Top:2,Bottom:18
1,1,1,1,1,1,1,1,
1,1,1,0,0,0,0,1,
1,0,0,0,0,0,0,1,
1,0,0,0,0,0,1,0,
0,0,0,0,0,0,1,0,
0,0,0,0,0,1,1,0,
0,0,0,0,0,1,0,0,
0,0,0,0,0,1,0,0,
0,0,0,0,1,1,0,0,
0,0,0,0,1,1,0,0,
0,0,0,1,1,0,0,0,
0,0,0,1,1,0,0,0,
0,0,0,1,1,0,0,0,
0,0,0,1,1,0,0,0,
0,0,0,1,1,0,0,0,
0,0,0,1,1,0,0,0,
2,2,2,1,1,1,1,2,
2,0,0,0,0,0,1,1,
0,0,0,0,0,1,2,0,
0,0,0,0,0,2,0,0,
0,0,0,0,2,2,0,0,
0,0,0,2,2,0,0,0,
0,0,0,2,2,0,0,0,
0,0,0,2,2,0,0,0,

Width:13,Height:19

Left:2,Right:10,Top:1,Bottom:18

Left:2,Right:10,Top:2,Bottom:18
1,1,1,1,1,1,1,1,
1,1,1,0,0,0,0,1,
1,0,0,0,0,0,0,1,
1,0,0,0,0,0,1,0,
0,0,0,0,0,0,1,0,
0,0,0,0,0,0,1,0,
0,0,0,0,0,1,0,0,
0,0,0,0,0,1,0,0,
0,0,0,0,1,1,0,0,
0,0,0,0,1,1,0,0,
0,0,0,1,1,0,0,0,
0,0,0,1,1,0,0,0,
0,0,0,1,1,0,0,0,
0,0,0,1,1,0,0,0,
0,0,0,1,1,0,0,0,
0,0,0,1,1,0,0,0,
2,2,2,1,1,1,1,2,
2,0,0,0,0,0,1,1,
0,0,0,0,0,0,2,0,
0,0,0,0,0,2,0,0,
0,0,0,0,2,2,0,0,
0,0,0,2,2,0,0,0,
0,0,0,2,2,0,0,0,
0,0,0,2,2,0,0,0,

Width:13,Height:19

Left:2,Right:10,Top:1,Bottom:18

Left:2,Right:10,Top:2,Bottom:18
1,1,1,1,1,1,1,1,
1,1,0,0,0,0,0,1,
1,0,0,0,0,0,0,1,
1,0,0,0,0,0,1,0,
0,0,0,0,0,0,1,0,
0,0,0,0,0,1,1,0,
0,0,0,0,0,1,0,0,
0,0,0,0,0,1,0,0,
0,0,0,0,1,1,0,0,
0,0,0,0,1,1,0,0,
0,0,0,1,1,0,0,0,
0,0,0,1,1,0,0,0,
0,0,0,1,1,0,0,0,
0,0,0,1,1,0,0,0,
0,0,0,1,1,0,0,0,
0,0,0,1,1,0,0,0,
2,2,1,1,1,1,1,2,
2,0,0,0,0,0,1,1,
0,0,0,0,0,1,2,0,
0,0,0,0,0,2,0,0,
0,0,0,0,2,2,0,0,
0,0,0,2,2,0,0,0,
0,0,0,2,2,0,0,0,
0,0,0,2,2,0,0,0,

Width:13,Height:19

Left:2,Right:10,Top:1,Bottom:18

Left:2,Right:10,Top:2,Bottom:18
1,1,1,1,1,1,1,1,
1,1,1,0,0,0,0,1,
1,0,0,0,0,0,0,1,
1,0,0,0,0,0,1,0,
0,0,0,0,0,0,1,0,
0,0,0,0,0,1,1,0,
0,0,0,0,0,1,0,0,
0,0,0,0,0,1,0,0,
0,0,0,0,1,1,0,0,
0,0,0,0,1,1,0,0,
0,0,0,1,1,0,0,0,
0,0,0,1,1,0,0,0,
0,0,0,1,1,0,0,0,
0,0,0,1,1,0,0,0,
0,0,0,1,1,0,0,0,
0,0,0,1,1,0,0,0,
2,2,2,1,1,1,1,2,
2,0,0,0,0,0,1,1,
0,0,0,0,0,1,2,0,
0,0,0,0,0,2,0,0,
0,0,0,0,2,2,0,0,
0,0,0,2,2,0,0,0,
0,0,0,2,2,0,0,0,
0,0,0,2,2,0,0,0,

Width:13,Height:19

Left:2,Right:10,Top:1,Bottom:18

Left:2,Right:10,Top:2,Bottom:18
1,1,1,1,1,1,1,1,
1,1,1,0,0,0,0,1,
1,0,0,0,0,0,0,1,
1,0,0,0,0,0,1,0,
0,0,0,0,0,0,1,0,
0,0,0,0,0,1,1,0,
0,0,0,0,0,1,0,0,
0,0,0,0,0,1,0,0,
0,0,0,0,1,1,0,0,
0,0,0,0,1,1,0,0,
0,0,0,1,1,0,0,0,
0,0,0,1,1,0,0,0,
0,0,0,1,1,0,0,0,
0,0,0,1,1,0,0,0,
0,0,0,1,1,0,0,0,
0,0,0,1,1,0,0,0,
2,2,2,1,1,1,1,2,
2,0,0,0,0,0,1,1,
0,0,0,0,0,1,2,0,
0,0,0,0,0,2,0,0,
0,0,0,0,2,2,0,0,
0,0,0,2,2,0,0,0,
0,0,0,2,2,0,0,0,
0,0,0,2,2,0,0,0,

Width:13,Height:19

Left:2,Right:10,Top:1,Bottom:18

Left:2,Right:10,Top:2,Bottom:18
1,1,1,1,1,1,1,1,
1,1,0,0,0,0,0,1,
1,0,0,0,0,0,0,1,
1,0,0,0,0,0,1,0,
0,0,0,0,0,0,1,0,
0,0,0,0,0,1,0,0,
0,0,0,0,0,1,0,0,
0,0,0,0,0,1,0,0,
0,0,0,0,1,0,0,0,
0,0,0,0,1,0,0,0,
0,0,0,0,1,0,0,0,
0,0,0,0,1,0,0,0,
0,0,0,1,1,0,0,0,
0,0,0,1,1,0,0,0,
0,0,0,1,1,0,0,0,
0,0,0,1,1,0,0,0,
2,2,1,1,1,1,1,2,
2,0,0,0,0,0,1,1,
0,0,0,0,0,1,1,0,
0,0,0,0,0,2,0,0,
0,0,0,0,2,0,0,0,
0,0,0,0,2,0,0,0,
0,0,0,2,2,0,0,0,
0,0,0,2,2,0,0,0,

Width:14,Height:19

Left:2,Right:10,Top:1,Bottom:18

Left:2,Right:10,Top:2,Bottom:18
1,1,1,1,1,1,1,1,
1,1,0,0,0,0,0,1,
1,0,0,0,0,0,0,1,
1,0,0,0,0,0,1,0,
0,0,0,0,0,0,1,0,
0,0,0,0,0,1,0,0,
0,0,0,0,0,1,0,0,
0,0,0,0,0,1,0,0,
0,0,0,0,1,0,0,0,
0,0,0,0,1,0,0,0,
0,0,0,0,1,0,0,0,
0,0,0,0,1,0,0,0,
0,0,0,1,1,0,0,0,
0,0,0,1,1,0,0,0,
0,0,0,1,1,0,0,0,
0,0,0,1,1,0,0,0,
2,2,1,1,1,1,1,2,
2,0,0,0,0,0,1,1,
0,0,0,0,0,1,1,0,
0,0,0,0,0,2,0,0,
0,0,0,0,2,0,0,0,
0,0,0,0,2,0,0,0,
0,0,0,2,2,0,0,0,
0,0,0,2,2,0,0,0,

Width:13,Height:19

Left:2,Right:10,Top:1,Bottom:18

Left:2,Right:10,Top:2,Bottom:18
1,1,1,1,1,1,1,1,
1,1,0,0,0,0,0,1,
1,0,0,0,0,0,0,1,
1,0,0,0,0,0,1,0,
0,0,0,0,0,0,1,0,
0,0,0,0,0,1,0,0,
0,0,0,0,0,1,0,0,
0,0,0,0,0,1,0,0,
0,0,0,0,1,0,0,0,
0,0,0,0,1,0,0,0,
0,0,0,0,1,0,0,0,
0,0,0,0,1,0,0,0,
0,0,0,1,1,0,0,0,
0,0,0,1,1,0,0,0,
0,0,0,1,1,0,0,0,
0,0,0,1,1,0,0,0,
2,2,1,1,1,1,1,2,
2,0,0,0,0,0,1,1,
0,0,0,0,0,1,1,0,
0,0,0,0,0,2,0,0,
0,0,0,0,2,0,0,0,
0,0,0,0,2,0,0,0,
0,0,0,2,2,0,0,0,
0,0,0,2,2,0,0,0,
